-9.970999717712403232e-02 2.094255419594020839e+00 1.744805607944992509e-01 8.546673655509948730e-01 -5.097990036010742188e-01 -9.822994470596313477e-02 -1.186434030532836914e-01 5.026288032531738281e-01 8.598693609237670898e-01 -8.938299864530563354e-02 1.180346235632896423e-01 1.300322711467742920e-01 2.701952494680881500e-02 9.911416172981262207e-01 1.798169687390327454e-02 0.000000000000000000e+00 0.000000000000000000e+00 0.000000000000000000e+00 1.000000000000000000e+00
-7.794000148773193304e-02 1.977667420234477502e+00 1.349837679445089200e-01 9.123957753181457520e-01 -4.031303226947784424e-01 -7.085458189249038696e-02 -8.858137577772140503e-02 3.994110226631164551e-01 9.147292971611022949e-01 -6.116878613829612732e-02 9.814699739217758179e-02 8.947172760963439941e-02 2.751003950834274292e-02 9.956094622611999512e-01 1.362885255366563797e-02 0.000000000000000000e+00 0.000000000000000000e+00 0.000000000000000000e+00 1.000000000000000000e+00
-5.546999931335449413e-02 1.861096997738128644e+00 9.663888381214030820e-02 9.557135701179504395e-01 -2.918629646301269531e-01 -3.779769316315650940e-02 -6.202353164553642273e-02 2.904156446456909180e-01 9.560863375663757324e-01 -3.947425633668899536e-02 7.481208443641662598e-02 4.765890538692474365e-02 2.674902789294719696e-02 9.985058307647705078e-01 1.042648963630199432e-02 0.000000000000000000e+00 0.000000000000000000e+00 0.000000000000000000e+00 1.000000000000000000e+00
-3.326999902725219505e-02 1.745276920878909399e+00 5.789256975733428345e-02 9.841719865798950195e-01 -1.772061586380004883e-01 -2.127966843545436859e-03 -3.405360504984855652e-02 1.770824193954467773e-01 9.838142991065979004e-01 -2.742170169949531555e-02 4.786778613924980164e-02 6.952805444598197937e-03 2.661082893610000610e-02 9.996221661567687988e-01 5.535620730370283127e-03 0.000000000000000000e+00 0.000000000000000000e+00 0.000000000000000000e+00 1.000000000000000000e+00
-1.111999988555908286e-02 1.628688921519366062e+00 1.916371605242509282e-02 9.975254535675048828e-01 -6.068741157650947571e-02 3.551479801535606384e-02 -1.021120231598615646e-02 6.151742115616798401e-02 9.978469014167785645e-01 -2.276483923196792603e-02 1.740365847945213318e-02 -3.405678272247314453e-02 2.489326335489749908e-02 9.991104602813720703e-01 1.294194953516125679e-03 0.000000000000000000e+00 0.000000000000000000e+00 0.000000000000000000e+00 1.000000000000000000e+00
1.080999970436096261e-02 1.512502393694151959e+00 -1.954768770556027449e-02 9.957127571105957031e-01 5.614765733480453491e-02 7.351726293563842773e-02 1.221421919763088226e-02 -5.430706217885017395e-02 9.981648325920104980e-01 -2.680213190615177155e-02 -1.572173833847045898e-02 -7.488720118999481201e-02 2.269469760358333588e-02 9.969342350959777832e-01 -3.007162362337112427e-03 0.000000000000000000e+00 0.000000000000000000e+00 0.000000000000000000e+00 1.000000000000000000e+00
3.331000089645385492e-02 1.395914394334608621e+00 -5.789256975733428345e-02 9.790834784507751465e-01 1.717260479927062988e-01 1.091188713908195496e-01 3.221099078655242920e-02 -1.682082414627075195e-01 9.849098324775695801e-01 -4.073380306363105774e-02 -5.235467478632926941e-02 -1.144672557711601257e-01 2.152708172798156738e-02 9.931942224502563477e-01 -7.123351097106933594e-03 0.000000000000000000e+00 0.000000000000000000e+00 0.000000000000000000e+00 1.000000000000000000e+00
5.550000190734863392e-02 1.279326394975065284e+00 -9.663888381214030820e-02 9.477669596672058105e-01 2.848529517650604248e-01 1.435200273990631104e-01 5.438639968633651733e-02 -2.787674963474273682e-01 9.584010839462280273e-01 -6.129323691129684448e-02 -8.825153112411499023e-02 -1.550092250108718872e-01 1.808297634124755859e-02 9.877480864524841309e-01 -1.143616624176502228e-02 0.000000000000000000e+00 0.000000000000000000e+00 0.000000000000000000e+00 1.000000000000000000e+00
7.770999908447265292e-02 1.163523761820986380e+00 -1.357517070895900846e-01 9.034467339515686035e-01 3.925544917583465576e-01 1.722974479198455811e-01 7.158689945936203003e-02 -3.823254406452178955e-01 9.195930361747741699e-01 -9.042428433895111084e-02 -1.282725632190704346e-01 -1.939399242401123047e-01 1.581981033086776733e-02 9.808864593505859375e-01 -1.524037588387727737e-02 0.000000000000000000e+00 0.000000000000000000e+00 0.000000000000000000e+00 1.000000000000000000e+00
9.994000434875488503e-02 1.046551801211280885e+00 -1.748645386894182585e-01 8.461647033691406250e-01 4.956404864788055420e-01 1.958255171775817871e-01 8.670733124017715454e-02 -4.795626401901245117e-01 8.684374690055847168e-01 -1.258459985256195068e-01 -1.701882481575012207e-01 -2.324364334344863892e-01 1.257583871483802795e-02 9.725310802459716797e-01 -1.903766021132469177e-02 0.000000000000000000e+00 0.000000000000000000e+00 0.000000000000000000e+00 1.000000000000000000e+00
