-4.999999888241291399e-05 1.568876453965058371e+00 0.000000000000000000e+00 1.000000000000000000e+00 0.000000000000000000e+00 0.000000000000000000e+00 0.000000000000000000e+00 0.000000000000000000e+00 1.000000000000000000e+00 0.000000000000000000e+00 0.000000000000000000e+00 0.000000000000000000e+00 0.000000000000000000e+00 1.000000000000000000e+00 0.000000000000000000e+00 0.000000000000000000e+00 0.000000000000000000e+00 0.000000000000000000e+00 1.000000000000000000e+00
-5.360000133514404574e-03 1.528978172935981927e+00 -1.877974231869530830e-02 9.960832595825195312e-01 4.453937709331512451e-02 7.638335227966308594e-02 7.519474718719720840e-03 -4.297596216201782227e-02 9.988340139389038086e-01 -2.199180983006954193e-02 -7.920988718979060650e-05 -7.727379351854324341e-02 1.862302795052528381e-02 9.968359470367431641e-01 -2.307312795892357826e-03 0.000000000000000000e+00 0.000000000000000000e+00 0.000000000000000000e+00 1.000000000000000000e+00
-1.241000056266784723e-02 1.453824299606163661e+00 -5.176646701231138459e-02 9.852825999259948730e-01 1.292320936918258667e-01 1.118802130222320557e-01 1.882450468838214874e-02 -1.265171766281127930e-01 9.914777874946594238e-01 -3.106509521603584290e-02 -2.949295798316597939e-03 -1.149413585662841797e-01 1.645312830805778503e-02 9.932360053062438965e-01 -5.479082930833101273e-03 0.000000000000000000e+00 0.000000000000000000e+00 0.000000000000000000e+00 1.000000000000000000e+00
-2.068000078201294098e-02 1.302347292069928386e+00 -1.188743730896468648e-01 9.536762833595275879e-01 2.531710267066955566e-01 1.624986678361892700e-01 3.886371850967407227e-02 -2.472240477800369263e-01 9.673286080360412598e-01 -5.617201328277587891e-02 -1.383386366069316864e-02 -1.714107841253280640e-01 1.339633669704198837e-02 9.851084947586059570e-01 -1.202401332557201385e-02 0.000000000000000000e+00 0.000000000000000000e+00 0.000000000000000000e+00 1.000000000000000000e+00
-2.252000093460082911e-02 1.169265936605360601e+00 -1.775523506643375549e-01 9.006613492965698242e-01 3.806948959827423096e-01 2.094763815402984619e-01 5.696696043014526367e-02 -3.683366179466247559e-01 9.246467947959899902e-01 -9.672611206769943237e-02 -3.330587595701217651e-02 -2.305149137973785400e-01 9.959651157259941101e-03 9.730177521705627441e-01 -1.876705326139926910e-02 0.000000000000000000e+00 0.000000000000000000e+00 0.000000000000000000e+00 1.000000000000000000e+00
-1.771999955177307184e-02 1.056133655076304079e+00 -2.258630582342700810e-01 8.417367935180664062e-01 4.834241569042205811e-01 2.403747141361236572e-01 7.136549800634384155e-02 -4.626421630382537842e-01 8.753583431243896484e-01 -1.403910070657730103e-01 -5.712327361106872559e-02 -2.782825231552124023e-01 6.964772474020719528e-03 9.604738950729370117e-01 -2.435223571956157684e-02 0.000000000000000000e+00 0.000000000000000000e+00 0.000000000000000000e+00 1.000000000000000000e+00
-7.919999957084655068e-03 9.763721135864854572e-01 -2.615375824192378573e-01 7.938537001609802246e-01 5.508051514625549316e-01 2.577009797096252441e-01 7.968285679817199707e-02 -5.219031572341918945e-01 8.346164822578430176e-01 -1.761586368083953857e-01 -8.113002777099609375e-02 -3.121106624603271484e-01 5.349176470190286636e-03 9.500306248664855957e-01 -2.841343358159065247e-02 0.000000000000000000e+00 0.000000000000000000e+00 0.000000000000000000e+00 1.000000000000000000e+00
3.089999854564666817e-03 9.288118515222235638e-01 -2.833891021242038177e-01 7.636511325836181641e-01 5.885586738586425781e-01 2.653965055942535400e-01 8.505909144878387451e-02 -5.541766881942749023e-01 8.084425330162048340e-01 -1.982625424861907959e-01 -1.005302742123603821e-01 -3.312471210956573486e-01 4.326776601374149323e-03 9.435341358184814453e-01 -3.139248117804527283e-02 0.000000000000000000e+00 0.000000000000000000e+00 0.000000000000000000e+00 1.000000000000000000e+00
1.269999980926513755e-02 9.031206028023380794e-01 -2.956587846089032690e-01 7.461888790130615234e-01 6.086966395378112793e-01 2.696110606193542480e-01 8.807346224784851074e-02 -5.709041953086853027e-01 7.933941483497619629e-01 -2.111708670854568481e-01 -1.157245039939880371e-01 -3.424470424652099609e-01 3.651162376627326012e-03 9.395300149917602539e-01 -3.292671963572502136e-02 0.000000000000000000e+00 0.000000000000000000e+00 0.000000000000000000e+00 1.000000000000000000e+00
2.092000007629394448e-02 8.881631582769898836e-01 -3.025702868489040798e-01 7.353589534759521484e-01 6.208745241165161133e-01 2.715910375118255615e-01 9.039811789989471436e-02 -5.809054374694824219e-01 7.839019894599914551e-01 -2.191930264234542847e-01 -1.269863247871398926e-01 -3.489924073219299316e-01 3.416701452806591988e-03 9.371194839477539062e-01 -3.398962318897247314e-02 0.000000000000000000e+00 0.000000000000000000e+00 0.000000000000000000e+00 1.000000000000000000e+00
2.697999954223632979e-02 8.808851384919668126e-01 -3.044901263892286214e-01 7.304958105087280273e-01 6.266056299209594727e-01 2.715529799461364746e-01 9.149309247732162476e-02 -5.859016180038452148e-01 7.793295979499816895e-01 -2.221800684928894043e-01 -1.349093765020370483e-01 -3.508487641811370850e-01 3.198140300810337067e-03 9.364268779754638672e-01 -3.436782211065292358e-02 0.000000000000000000e+00 0.000000000000000000e+00 0.000000000000000000e+00 1.000000000000000000e+00
2.364000082015991350e-02 8.785813044119664683e-01 -2.956587846089032690e-01 7.321314215660095215e-01 6.274586319923400879e-01 2.651016116142272949e-01 9.230166673660278320e-02 -5.885176658630371094e-01 7.786422967910766602e-01 -2.176282405853271484e-01 -1.348601281642913818e-01 -3.429722487926483154e-01 3.315349342301487923e-03 9.393398165702819824e-01 -3.463800996541976929e-02 0.000000000000000000e+00 0.000000000000000000e+00 0.000000000000000000e+00 1.000000000000000000e+00
1.919000029563903975e-02 8.743575975021281588e-01 -2.818532238340414886e-01 7.333442568778991699e-01 6.306455135345458984e-01 2.539530694484710693e-01 9.286502003669738770e-02 -5.946212410926818848e-01 7.760645747184753418e-01 -2.101161777973175049e-01 -1.329076886177062988e-01 -3.295929729938507080e-01 3.081508213654160500e-03 9.441184401512145996e-01 -3.405107185244560242e-02 0.000000000000000000e+00 0.000000000000000000e+00 0.000000000000000000e+00 1.000000000000000000e+00
1.065000057220459075e-02 8.624719095571043992e-01 -2.454282042091325833e-01 7.349042296409606934e-01 6.405010819435119629e-01 2.228760421276092529e-01 9.505455940961837769e-02 -6.118721365928649902e-01 7.679516673088073730e-01 -1.893723011016845703e-01 -1.287709921598434448e-01 -2.924513518810272217e-01 2.798733999952673912e-03 9.562765955924987793e-01 -3.063278086483478546e-02 0.000000000000000000e+00 0.000000000000000000e+00 0.000000000000000000e+00 1.000000000000000000e+00
4.800000041723251495e-04 8.417548465422418635e-01 -1.813920630345001728e-01 7.346274256706237793e-01 6.561248898506164551e-01 1.726908236742019653e-01 9.927122294902801514e-02 -6.379880905151367188e-01 7.546479701995849609e-01 -1.532211303710937500e-01 -1.257435232400894165e-01 -2.308531254529953003e-01 2.385656116530299187e-03 9.729859232902526855e-01 -2.447851747274398804e-02 0.000000000000000000e+00 0.000000000000000000e+00 0.000000000000000000e+00 1.000000000000000000e+00
-1.840000003576278652e-03 8.252789341423576452e-01 -1.276882878095890461e-01 7.320584058761596680e-01 6.682710051536560059e-01 1.323028206825256348e-01 1.017059311270713806e-01 -6.570473313331604004e-01 7.439137101173400879e-01 -1.219856813549995422e-01 -1.266919672489166260e-01 -1.799414455890655518e-01 2.371350536122918129e-03 9.836747050285339355e-01 -1.887697540223598480e-02 0.000000000000000000e+00 0.000000000000000000e+00 0.000000000000000000e+00 1.000000000000000000e+00
2.709999978542327725e-03 8.133932461973339967e-01 -9.049532071722056481e-02 7.284641265869140625e-01 6.768385767936706543e-01 1.059671565890312195e-01 1.038306206464767456e-01 -6.694153547286987305e-01 7.361284494400024414e-01 -9.998536854982376099e-02 -1.331070512533187866e-01 -1.456794291734695435e-01 1.899611437693238258e-03 9.893301725387573242e-01 -1.486339047551155090e-02 0.000000000000000000e+00 0.000000000000000000e+00 0.000000000000000000e+00 1.000000000000000000e+00
1.250000000000000069e-02 8.057138214570087609e-01 -6.518804573106495859e-02 7.256411910057067871e-01 6.825196743011474609e-01 8.724197000265121460e-02 1.054184287786483765e-01 -6.772814393043518066e-01 7.308632731437683105e-01 -8.442578464746475220e-02 -1.442890763282775879e-01 -1.213842630386352539e-01 2.175351139158010483e-03 9.926033020019531250e-01 -1.250969246029853821e-02 0.000000000000000000e+00 0.000000000000000000e+00 0.000000000000000000e+00 1.000000000000000000e+00
2.388999938964843708e-02 7.999542029674943100e-01 -4.907865919858130088e-02 7.233495116233825684e-01 6.863814592361450195e-01 7.513757050037384033e-02 1.064155399799346924e-01 -6.823437809944152832e-01 7.272368073463439941e-01 -7.438261061906814575e-02 -1.571558713912963867e-01 -1.056976690888404846e-01 2.534852363169193268e-03 9.943954944610595703e-01 -1.078619062900543213e-02 0.000000000000000000e+00 0.000000000000000000e+00 0.000000000000000000e+00 1.000000000000000000e+00
3.381999969482422236e-02 7.972838513424719276e-01 -4.026474447863912648e-02 7.218787074089050293e-01 6.885835528373718262e-01 6.887172162532806396e-02 1.071860939264297485e-01 -6.851472854614257812e-01 7.251523137092590332e-01 -6.874918937683105469e-02 -1.672914326190948486e-01 -9.728205949068069458e-02 2.441196702420711517e-03 9.952540397644042969e-01 -9.826369583606719971e-03 0.000000000000000000e+00 0.000000000000000000e+00 0.000000000000000000e+00 1.000000000000000000e+00
4.159999847412109569e-02 7.957479397627960083e-01 -3.527310258490874706e-02 7.215322256088256836e-01 6.893225908279418945e-01 6.500118225812911987e-02 1.075154095888137817e-01 -6.862283945083618164e-01 7.244496345520019531e-01 -6.528883427381515503e-02 -1.747632175683975220e-01 -9.209515154361724854e-02 2.502237679436802864e-03 9.957473278045654297e-01 -9.000506252050399780e-03 0.000000000000000000e+00 0.000000000000000000e+00 0.000000000000000000e+00 1.000000000000000000e+00
3.898000001907348661e-02 7.961319675919854566e-01 -2.799508071929110095e-02 7.224091887474060059e-01 6.888629794120788574e-01 5.993793159723281860e-02 1.079006195068359375e-01 -6.862439513206481934e-01 7.248875498771667480e-01 -6.005350127816200256e-02 -1.745940893888473511e-01 -8.481690287590026855e-02 2.251043217256665230e-03 9.963942170143127441e-01 -7.903543300926685333e-03 0.000000000000000000e+00 0.000000000000000000e+00 0.000000000000000000e+00 1.000000000000000000e+00
3.568000078201293696e-02 7.957479397627960083e-01 -1.724385258526267561e-02 7.233034372329711914e-01 6.885787248611450195e-01 5.188076198101043701e-02 1.081861183047294617e-01 -6.865779161453247070e-01 7.251573801040649414e-01 -5.250573530793190002e-02 -1.728605777025222778e-01 -7.377604395151138306e-02 2.357274759560823441e-03 9.972723722457885742e-01 -6.529503501951694489e-03 0.000000000000000000e+00 0.000000000000000000e+00 0.000000000000000000e+00 1.000000000000000000e+00
2.980000019073486550e-02 7.949800172624716943e-01 6.894050732631116021e-03 7.239559888839721680e-01 6.890799403190612793e-01 3.250566869974136353e-02 1.088691502809524536e-01 -6.882369518280029297e-01 7.246810197830200195e-01 -3.415470570325851440e-02 -1.685239821672439575e-01 -4.709153249859809875e-02 2.354779047891497612e-03 9.988880157470703125e-01 -2.491070423275232315e-03 0.000000000000000000e+00 0.000000000000000000e+00 0.000000000000000000e+00 1.000000000000000000e+00
2.085000038146972781e-02 7.930601444326333960e-01 6.019640383733457917e-02 7.232740521430969238e-01 6.904652714729309082e-01 -1.151569467037916183e-02 1.109879836440086365e-01 -6.904307007789611816e-01 7.233605384826660156e-01 7.385316770523786545e-03 -1.614709943532943726e-01 1.342935953289270401e-02 2.609057817608118057e-03 9.999067187309265137e-01 6.800062954425811768e-03 0.000000000000000000e+00 0.000000000000000000e+00 0.000000000000000000e+00 1.000000000000000000e+00
1.222000002861023046e-02 7.911402716027953197e-01 1.445656218095322521e-01 7.188715338706970215e-01 6.914913058280944824e-01 -7.115996628999710083e-02 1.118814498186111450e-01 -6.885163187980651855e-01 7.223786115646362305e-01 6.413924694061279297e-02 -1.564848721027374268e-01 9.575624763965606689e-02 2.886805450543761253e-03 9.954007267951965332e-01 1.524962484836578369e-02 0.000000000000000000e+00 0.000000000000000000e+00 0.000000000000000000e+00 1.000000000000000000e+00
1.233999967575073221e-02 7.896044266021466917e-01 2.024756435943849409e-01 7.128241062164306641e-01 6.927157640457153320e-01 -1.096671968698501587e-01 1.125313639640808105e-01 -6.853556632995605469e-01 7.212025523185729980e-01 1.007669121026992798e-01 -1.563875377178192139e-01 1.488951742649078369e-01 3.331833053380250931e-03 9.888474941253662109e-01 2.080201357603073120e-02 0.000000000000000000e+00 0.000000000000000000e+00 0.000000000000000000e+00 1.000000000000000000e+00
1.891999959945678614e-02 7.892204653519845348e-01 2.442762871691324389e-01 7.065154910087585449e-01 6.941601634025573730e-01 -1.377598047256469727e-01 1.131902337074279785e-01 -6.822174191474914551e-01 7.198123335838317871e-01 1.282540708780288696e-01 -1.585829257965087891e-01 1.881901770830154419e-01 3.368540666997432709e-03 9.821269512176513672e-01 2.615820802748203278e-02 0.000000000000000000e+00 0.000000000000000000e+00 0.000000000000000000e+00 1.000000000000000000e+00
2.940000057220459179e-02 7.892204653519845348e-01 2.730393091140992934e-01 7.023647427558898926e-01 6.941631436347961426e-01 -1.575488001108169556e-01 1.137785762548446655e-01 -6.784584522247314453e-01 7.198076248168945312e-01 1.468690931797027588e-01 -1.680500358343124390e-01 2.153560370206832886e-01 3.734503407031297684e-03 9.765285849571228027e-01 2.725101262331008911e-02 0.000000000000000000e+00 0.000000000000000000e+00 0.000000000000000000e+00 1.000000000000000000e+00
4.056000232696533453e-02 7.884524762726329294e-01 2.906845989038804867e-01 6.986883282661437988e-01 6.956670880317687988e-01 -1.669809520244598389e-01 1.156175509095191956e-01 -6.779943704605102539e-01 7.183513045310974121e-01 1.558675915002822876e-01 -1.703997850418090820e-01 2.283829599618911743e-01 4.309149924665689468e-03 9.735620617866516113e-01 2.989487349987030029e-02 0.000000000000000000e+00 0.000000000000000000e+00 0.000000000000000000e+00 1.000000000000000000e+00
4.991000175476074247e-02 7.892204653519845348e-01 2.994984969790658313e-01 6.982557773590087891e-01 6.944356560707092285e-01 -1.737785190343856812e-01 1.158055514097213745e-01 -6.751904487609863281e-01 7.195441126823425293e-01 1.624003797769546509e-01 -1.837377995252609253e-01 2.378179430961608887e-01 3.936417400836944580e-03 9.713020920753479004e-01 3.018546476960182190e-02 0.000000000000000000e+00 0.000000000000000000e+00 0.000000000000000000e+00 1.000000000000000000e+00
4.806000232696533425e-02 7.934441056827956640e-01 2.910685601540426437e-01 7.043182849884033203e-01 6.898539662361145020e-01 -1.674458682537078857e-01 1.158488467335700989e-01 -6.721798777580261230e-01 7.239411473274230957e-01 1.551865339279174805e-01 -1.837976574897766113e-01 2.282770276069641113e-01 3.252861788496375084e-03 9.735910892486572266e-01 2.989044785499572754e-02 0.000000000000000000e+00 0.000000000000000000e+00 0.000000000000000000e+00 1.000000000000000000e+00
4.497000217437744501e-02 8.026419982976568113e-01 2.753431431940995822e-01 7.139058113098144531e-01 6.824340224266052246e-01 -1.569178253412246704e-01 1.152936741709709167e-01 -6.677057743072509766e-01 7.309357523918151855e-01 1.410720050334930420e-01 -1.774008274078369141e-01 2.109692245721817017e-01 4.062651190906763077e-03 9.774845838546752930e-01 2.928714826703071594e-02 0.000000000000000000e+00 0.000000000000000000e+00 0.000000000000000000e+00 1.000000000000000000e+00
3.986999988555908064e-02 8.214391884826812706e-01 2.438923092742134591e-01 7.331592440605163574e-01 6.667682528495788574e-01 -1.337842494249343872e-01 1.142212599515914917e-01 -6.568449139595031738e-01 7.452550530433654785e-01 1.146681904792785645e-01 -1.649573743343353271e-01 1.761605590581893921e-01 3.805284155532717705e-03 9.843541383743286133e-01 2.598970010876655579e-02 0.000000000000000000e+00 0.000000000000000000e+00 0.000000000000000000e+00 1.000000000000000000e+00
3.203000068664550726e-02 8.605520367272663229e-01 1.794722068494188638e-01 7.331592440605163574e-01 6.667682528495788574e-01 -1.337842494249343872e-01 1.142212599515914917e-01 -6.568449139595031738e-01 7.452550530433654785e-01 1.146681904792785645e-01 -1.649573743343353271e-01 1.761605590581893921e-01 3.805284155532717705e-03 9.843541383743286133e-01 2.598970010876655579e-02 0.000000000000000000e+00 0.000000000000000000e+00 0.000000000000000000e+00 1.000000000000000000e+00
2.190000057220458859e-02 9.364913428415760910e-01 5.291838405231153591e-02 8.188476562500000000e-01 5.736721158027648926e-01 1.973708160221576691e-02 9.966079890727996826e-02 -5.733801126480102539e-01 8.190747499465942383e-01 -1.873338408768177032e-02 -1.087443754076957703e-01 -2.691296488046646118e-02 4.022751469165086746e-03 9.996299147605895996e-01 3.437588457018136978e-03 0.000000000000000000e+00 0.000000000000000000e+00 0.000000000000000000e+00 1.000000000000000000e+00
1.873000025749206598e-02 1.010109304591718216e+00 -6.787585354479504229e-02 8.479323983192443848e-01 5.172073245048522949e-01 1.162230074405670166e-01 8.924371749162673950e-02 -5.116453766822814941e-01 8.558461666107177734e-01 -7.579851150512695312e-02 -9.166182577610015869e-02 -1.386726200580596924e-01 4.806869663298130035e-03 9.903268218040466309e-01 -7.667840924113988876e-03 0.000000000000000000e+00 0.000000000000000000e+00 0.000000000000000000e+00 1.000000000000000000e+00
2.299000024795532296e-02 1.056901577576628393e+00 -1.476373950346137331e-01 8.579178452491760254e-01 4.792352020740509033e-01 1.852327585220336914e-01 8.015560358762741089e-02 -4.670457243919372559e-01 8.776671290397644043e-01 -1.075540110468864441e-01 -8.646137267351150513e-02 -2.141164988279342651e-01 5.760157015174627304e-03 9.767915010452270508e-01 -1.554256584495306015e-02 0.000000000000000000e+00 0.000000000000000000e+00 0.000000000000000000e+00 1.000000000000000000e+00
3.562999963760376393e-02 1.098318259901213789e+00 -2.147453094343275970e-01 8.615136146545410156e-01 4.505544006824493408e-01 2.340847551822662354e-01 7.381974905729293823e-02 -4.329273998737335205e-01 8.927261829376220703e-01 -1.249517723917961121e-01 -8.723533153533935547e-02 -2.652713656425476074e-01 6.305768620222806931e-03 9.641537070274353027e-01 -2.051555365324020386e-02 0.000000000000000000e+00 0.000000000000000000e+00 0.000000000000000000e+00 1.000000000000000000e+00
4.684999942779541349e-02 1.117883439165589854e+00 -2.469640824992948847e-01 8.619795441627502441e-01 4.321638941764831543e-01 2.650024592876434326e-01 6.922949105501174927e-02 -4.107760488986968994e-01 9.017671942710876465e-01 -1.344557702541351318e-01 -9.372553229331970215e-02 -2.970776259899139404e-01 7.041276898235082626e-03 9.548279643058776855e-01 -2.349818497896194458e-02 0.000000000000000000e+00 0.000000000000000000e+00 0.000000000000000000e+00 1.000000000000000000e+00
5.551000118255615401e-02 1.127849254280775426e+00 -2.638414164992381461e-01 8.614758253097534180e-01 4.228546619415283203e-01 2.811653614044189453e-01 6.702248752117156982e-02 -3.994722068309783936e-01 9.061675071716308594e-01 -1.388575732707977295e-01 -1.004002764821052551e-01 -3.134997487068176270e-01 7.304497994482517242e-03 9.495607018470764160e-01 -2.494833245873451233e-02 0.000000000000000000e+00 0.000000000000000000e+00 0.000000000000000000e+00 1.000000000000000000e+00
5.363999843597411915e-02 1.127849254280775426e+00 -2.607696432741566928e-01 8.627818822860717773e-01 4.221885502338409424e-01 2.781462073326110840e-01 6.658020615577697754e-02 -3.992535173892974854e-01 9.064761996269226074e-01 -1.374660432338714600e-01 -1.005301177501678467e-01 -3.101697564125061035e-01 7.552159018814563751e-03 9.506518840789794922e-01 -2.515377849340438843e-02 0.000000000000000000e+00 0.000000000000000000e+00 0.000000000000000000e+00 1.000000000000000000e+00
5.076000213623046986e-02 1.129001071452234717e+00 -2.542421189290747785e-01 8.649061918258666992e-01 4.210436940193176270e-01 2.732413113117218018e-01 6.632403284311294556e-02 -3.990525901317596436e-01 9.070107340812683105e-01 -1.344915479421615601e-01 -9.862725436687469482e-02 -3.044599294662475586e-01 7.284692022949457169e-03 9.524980783462524414e-01 -2.534761652350425720e-02 0.000000000000000000e+00 0.000000000000000000e+00 0.000000000000000000e+00 1.000000000000000000e+00
4.636000156402587946e-02 1.130537049610937927e+00 -2.431243701291322945e-01 8.688520193099975586e-01 4.189583957195281982e-01 2.637639343738555908e-01 6.618764251470565796e-02 -3.985221982002258301e-01 9.079751968383789062e-01 -1.294625103473663330e-01 -9.445692598819732666e-02 -2.937308549880981445e-01 7.367750629782676697e-03 9.558604359626770020e-01 -2.508919872343540192e-02 0.000000000000000000e+00 0.000000000000000000e+00 0.000000000000000000e+00 1.000000000000000000e+00
3.858999967575073298e-02 1.135528612442073371e+00 -2.182010605543280302e-01 8.772305250167846680e-01 4.146122038364410400e-01 2.420015633106231689e-01 6.634649634361267090e-02 -3.974923491477966309e-01 9.099674820899963379e-01 -1.181467175483703613e-01 -8.636739104986190796e-02 -2.691988945007324219e-01 7.447917014360427856e-03 9.630565643310546875e-01 -2.332336828112602234e-02 0.000000000000000000e+00 0.000000000000000000e+00 0.000000000000000000e+00 1.000000000000000000e+00
2.842000007629394420e-02 1.145110532886123966e+00 -1.668185631145572279e-01 8.914602994918823242e-01 4.064223468303680420e-01 2.003028839826583862e-01 6.675814092159271240e-02 -3.946965634822845459e-01 9.136534333229064941e-01 -9.721957892179489136e-02 -7.646729797124862671e-02 -2.225198745727539062e-01 7.608322426676750183e-03 9.748993515968322754e-01 -1.852179318666458130e-02 0.000000000000000000e+00 0.000000000000000000e+00 0.000000000000000000e+00 1.000000000000000000e+00
2.476000070571899442e-02 1.154692320172120201e+00 -1.200262901296470092e-01 9.042195081710815430e-01 3.968644440174102783e-01 1.577580571174621582e-01 6.699794530868530273e-02 -3.895283043384552002e-01 9.178458452224731445e-01 -7.633052766323089600e-02 -7.214137911796569824e-02 -1.750906854867935181e-01 7.568116765469312668e-03 9.845240712165832520e-01 -1.350771542638540268e-02 0.000000000000000000e+00 0.000000000000000000e+00 0.000000000000000000e+00 1.000000000000000000e+00
2.842999935150146429e-02 1.161219861161958855e+00 -8.550368298467939110e-02 9.116035103797912598e-01 3.911297321319580078e-01 1.264857500791549683e-01 6.716343015432357788e-02 -3.862116932868957520e-01 9.203008413314819336e-01 -6.234360858798027039e-02 -7.288467884063720703e-02 -1.407895833253860474e-01 7.982175797224044800e-03 9.900082945823669434e-01 -9.755907580256462097e-03 0.000000000000000000e+00 0.000000000000000000e+00 0.000000000000000000e+00 1.000000000000000000e+00
3.756999969482421875e-02 1.165810085616819203e+00 -6.058037757106436716e-02 9.162636995315551758e-01 3.867618441581726074e-01 1.042981743812561035e-01 6.726604700088500977e-02 -3.832285702228546143e-01 9.221408963203430176e-01 -5.283882096409797668e-02 -8.081529289484024048e-02 -1.166138947010040283e-01 8.444041013717651367e-03 9.931424856185913086e-01 -7.018371950834989548e-03 0.000000000000000000e+00 0.000000000000000000e+00 0.000000000000000000e+00 1.000000000000000000e+00
4.927999973297119557e-02 1.169265936605360601e+00 -4.447099103858070945e-02 9.188339114189147949e-01 3.840394020080566406e-01 9.088506549596786499e-02 6.735946238040924072e-02 -3.812537491321563721e-01 9.232776761054992676e-01 -4.694537445902824402e-02 -9.095364063978195190e-02 -1.019412428140640259e-01 8.484512567520141602e-03 9.947551488876342773e-01 -5.387337878346443176e-03 0.000000000000000000e+00 0.000000000000000000e+00 0.000000000000000000e+00 1.000000000000000000e+00
5.839000225067138977e-02 1.170801781606009451e+00 -3.604105005236831610e-02 9.201862215995788574e-01 3.826929628849029541e-01 8.249639719724655151e-02 6.741718202829360962e-02 -3.802915513515472412e-01 9.238332509994506836e-01 -4.371029138565063477e-02 -9.991765022277832031e-02 -9.294075518846511841e-02 8.848713710904121399e-03 9.956333637237548828e-01 -4.309598822146654129e-03 0.000000000000000000e+00 0.000000000000000000e+00 0.000000000000000000e+00 1.000000000000000000e+00
5.651999950408935491e-02 1.170801781606009451e+00 -3.104940815863793668e-02 9.209148883819580078e-01 3.817968666553497314e-01 7.841473072767257690e-02 6.745512783527374268e-02 -3.796016573905944824e-01 9.242050647735595703e-01 -4.180562496185302734e-02 -1.000370904803276062e-01 -8.843278139829635620e-02 8.732852526009082794e-03 9.960449337959289551e-01 -3.455225145444273949e-03 0.000000000000000000e+00 0.000000000000000000e+00 0.000000000000000000e+00 1.000000000000000000e+00
5.381000041961669922e-02 1.170801781606009451e+00 -2.377138421242568772e-02 9.218868613243103027e-01 3.809752166271209717e-01 7.060137391090393066e-02 6.750216335058212280e-02 -3.791100382804870605e-01 9.245426058769226074e-01 -3.869162499904632568e-02 -9.898966550827026367e-02 -8.001477271318435669e-02 8.903400041162967682e-03 9.967550635337829590e-01 -2.430358668789267540e-03 0.000000000000000000e+00 0.000000000000000000e+00 0.000000000000000000e+00 1.000000000000000000e+00
4.961999893188476923e-02 1.171185676277144205e+00 -9.197885332780063317e-03 9.229308366775512695e-01 3.806757032871246338e-01 5.732911452651023865e-02 6.770463287830352783e-02 -3.793397247791290283e-01 9.246673583984375000e-01 -3.304659575223922729e-02 -9.588012099266052246e-02 -6.559063494205474854e-02 8.752313442528247833e-03 9.978094100952148438e-01 -6.682677194476127625e-04 0.000000000000000000e+00 0.000000000000000000e+00 0.000000000000000000e+00 1.000000000000000000e+00
4.275000095367431641e-02 1.170801781606009451e+00 2.069960474556042235e-02 9.246088266372680664e-01 3.800472021102905273e-01 2.578054182231426239e-02 6.813940405845642090e-02 -3.796187937259674072e-01 9.249258041381835938e-01 -2.005598321557044983e-02 -8.952020108699798584e-02 -3.146754577755928040e-02 8.756954222917556763e-03 9.994675517082214355e-01 4.350962582975625992e-03 0.000000000000000000e+00 0.000000000000000000e+00 0.000000000000000000e+00 1.000000000000000000e+00
3.247999906539916770e-02 1.173489576936171952e+00 8.780751706467969375e-02 9.250823259353637695e-01 3.776178061962127686e-01 -4.036741331219673157e-02 6.847069412469863892e-02 -3.776827752590179443e-01 9.259138703346252441e-01 6.301959510892629623e-03 -8.077140152454376221e-02 3.975623846054077148e-02 9.416033513844013214e-03 9.991662502288818359e-01 1.313348859548568726e-02 0.000000000000000000e+00 0.000000000000000000e+00 0.000000000000000000e+00 1.000000000000000000e+00
2.713000059127807645e-02 1.173489576936171952e+00 1.618269337043944656e-01 9.201489686965942383e-01 3.771440386772155762e-01 -1.053111031651496887e-01 7.000841200351715088e-02 -3.758456110954284668e-01 9.261061549186706543e-01 3.268407657742500305e-02 -7.733856886625289917e-02 1.098556146025657654e-01 9.506275877356529236e-03 9.939034581184387207e-01 1.988531835377216339e-02 0.000000000000000000e+00 0.000000000000000000e+00 0.000000000000000000e+00 1.000000000000000000e+00
2.898000001907348813e-02 1.173489576936171952e+00 2.220407895692474709e-01 9.126504063606262207e-01 3.770577907562255859e-01 -1.577939242124557495e-01 7.017997652292251587e-02 -3.733044564723968506e-01 9.261396527290344238e-01 5.394507199525833130e-02 -7.807378470897674561e-02 1.664793491363525391e-01 9.671976789832115173e-03 9.859989285469055176e-01 2.571449056267738342e-02 0.000000000000000000e+00 0.000000000000000000e+00 0.000000000000000000e+00 1.000000000000000000e+00
3.677000045776367132e-02 1.173489576936171952e+00 2.550100580741558876e-01 9.065990447998046875e-01 3.777380287647247314e-01 -1.881340593099594116e-01 7.056780904531478882e-02 -3.720243871212005615e-01 9.258593320846557617e-01 6.620678305625915527e-02 -8.519958704710006714e-02 1.991941779851913452e-01 9.967241436243057251e-03 9.799106717109680176e-01 2.857674658298492432e-02 0.000000000000000000e+00 0.000000000000000000e+00 0.000000000000000000e+00 1.000000000000000000e+00
4.830999851226806807e-02 1.173873604765361289e+00 2.795668334591811521e-01 9.022060632705688477e-01 3.774025142192840576e-01 -2.087906748056411743e-01 7.073797285556793213e-02 -3.700837790966033936e-01 9.259963035583496094e-01 7.462953776121139526e-02 -9.619181603193283081e-02 2.215045094490051270e-01 9.938605129718780518e-03 9.751098752021789551e-01 3.126779571175575256e-02 0.000000000000000000e+00 0.000000000000000000e+00 0.000000000000000000e+00 1.000000000000000000e+00
5.882999897003173689e-02 1.173489576936171952e+00 2.945243112740431046e-01 8.998662233352661133e-01 3.768121004104614258e-01 -2.196712344884872437e-01 7.098013907670974731e-02 -3.686027824878692627e-01 9.262359738349914551e-01 7.886403053998947144e-02 -1.058882027864456177e-01 2.331840693950653076e-01 1.000413578003644943e-02 9.723822474479675293e-01 3.156225755810737610e-02 0.000000000000000000e+00 0.000000000000000000e+00 0.000000000000000000e+00 1.000000000000000000e+00
5.711999893188476896e-02 1.178463829220221859e+00 2.856929362042041065e-01 9.032698273658752441e-01 3.722025454044342041e-01 -2.134735137224197388e-01 7.109881192445755005e-02 -3.647626638412475586e-01 9.280942678451538086e-01 7.476544380187988281e-02 -1.059565842151641846e-01 2.259512245655059814e-01 1.033360324800014496e-02 9.740848541259765625e-01 3.130721673369407654e-02 0.000000000000000000e+00 0.000000000000000000e+00 0.000000000000000000e+00 1.000000000000000000e+00
5.455999851226806668e-02 1.185759292710384827e+00 2.734232870090183010e-01 9.091045856475830078e-01 3.642880022525787354e-01 -2.020522803068161011e-01 7.046262919902801514e-02 -3.580319881439208984e-01 9.312275052070617676e-01 6.803663820028305054e-02 -1.035891994833946228e-01 2.129413634538650513e-01 1.048856507986783981e-02 9.770097732543945312e-01 3.026498667895793915e-02 0.000000000000000000e+00 0.000000000000000000e+00 0.000000000000000000e+00 1.000000000000000000e+00
5.045000076293945646e-02 1.198796797826867877e+00 2.500358723691331608e-01 9.194628000259399414e-01 3.496927917003631592e-01 -1.797369271516799927e-01 6.866168230772018433e-02 -3.453402519226074219e-01 9.368048906326293945e-01 5.600917339324951172e-02 -9.754934161901473999e-02 1.879642903804779053e-01 1.057186350226402283e-02 9.821199774742126465e-01 2.808132953941822052e-02 0.000000000000000000e+00 0.000000000000000000e+00 0.000000000000000000e+00 1.000000000000000000e+00
4.394000053405761747e-02 1.229863770365132725e+00 2.024756435943849409e-01 9.403486847877502441e-01 3.155072927474975586e-01 -1.272859275341033936e-01 6.571681052446365356e-02 -3.141599893569946289e-01 9.488620162010192871e-01 3.105919063091278076e-02 -8.201278001070022583e-02 1.305760145187377930e-01 1.078150421380996704e-02 9.913806915283203125e-01 1.924520544707775116e-02 0.000000000000000000e+00 0.000000000000000000e+00 0.000000000000000000e+00 1.000000000000000000e+00
3.345999956130981529e-02 1.297355596080738138e+00 9.318313269213986116e-02 9.672308564186096191e-01 2.523806989192962646e-01 -2.776579745113849640e-02 5.341328307986259460e-02 -2.526142001152038574e-01 9.675534367561340332e-01 -5.185825750231742859e-03 -6.188461557030677795e-02 2.555596642196178436e-02 1.202976331114768982e-02 9.996021389961242676e-01 6.240655668079853058e-03 0.000000000000000000e+00 0.000000000000000000e+00 0.000000000000000000e+00 1.000000000000000000e+00
2.746999979019165011e-02 1.374446785945534488e+00 -3.373721389177341407e-02 9.792484045028686523e-01 1.788752526044845581e-01 9.528380632400512695e-02 3.745872527360916138e-02 -1.768060177564620972e-01 9.837946295738220215e-01 -2.980543300509452820e-02 -4.503224417567253113e-02 -9.907121211290359497e-02 1.234001945704221725e-02 9.950050115585327148e-01 -6.165091414004564285e-03 0.000000000000000000e+00 0.000000000000000000e+00 0.000000000000000000e+00 1.000000000000000000e+00
2.977999925613403209e-02 1.430803402511300781e+00 -1.250179361845665804e-01 9.752142429351806641e-01 1.251917183399200439e-01 1.824469715356826782e-01 2.477261610329151154e-02 -1.207192540168762207e-01 9.920533895492553711e-01 -3.546332567930221558e-02 -4.040046036243438721e-02 -1.854368448257446289e-01 1.255933661013841629e-02 9.825771450996398926e-01 -1.473308540880680084e-02 0.000000000000000000e+00 0.000000000000000000e+00 0.000000000000000000e+00 1.000000000000000000e+00
3.799999952316284596e-02 1.470701683540377447e+00 -1.909739335442802999e-01 9.656714200973510742e-01 8.708137273788452148e-02 2.447410970926284790e-01 1.505852583795785904e-02 -8.128982782363891602e-02 9.961214065551757812e-01 -3.368777781724929810e-02 -4.146744310855865479e-02 -2.467253953218460083e-01 1.263621170073747635e-02 9.690043926239013672e-01 -2.066022902727127075e-02 0.000000000000000000e+00 0.000000000000000000e+00 0.000000000000000000e+00 1.000000000000000000e+00
5.011000156402588279e-02 1.500983156715123279e+00 -2.362303115942714082e-01 9.566698074340820312e-01 6.056419759988784790e-02 2.848115265369415283e-01 8.375877514481544495e-03 -5.457463860511779785e-02 9.980908632278442383e-01 -2.892821654677391052e-02 -4.830674454569816589e-02 -2.860197424888610840e-01 1.213110983371734619e-02 9.581483602523803711e-01 -2.413607761263847351e-02 0.000000000000000000e+00 0.000000000000000000e+00 0.000000000000000000e+00 1.000000000000000000e+00
6.094999790191650557e-02 1.516324562490634076e+00 -2.611536211690756448e-01 9.509887099266052246e-01 4.704236239194869995e-02 3.056307435035705566e-01 5.161039531230926514e-03 -4.117625206708908081e-02 9.988237619400024414e-01 -2.561685629189014435e-02 -5.554996058344841003e-02 -3.064763545989990234e-01 1.177645660936832428e-02 9.518068432807922363e-01 -2.588922157883644104e-02 0.000000000000000000e+00 0.000000000000000000e+00 0.000000000000000000e+00 1.000000000000000000e+00
5.948999881744385099e-02 1.516708590319823413e+00 -2.580818312992373409e-01 9.521498084068298340e-01 4.616599902510643005e-02 3.021290600299835205e-01 4.986557643860578537e-03 -4.029076918959617615e-02 9.988589286804199219e-01 -2.565426565706729889e-02 -5.572362244129180908e-02 -3.029687106609344482e-01 1.225353498011827469e-02 9.529231190681457520e-01 -2.645530179142951965e-02 0.000000000000000000e+00 0.000000000000000000e+00 0.000000000000000000e+00 1.000000000000000000e+00
5.682000160217285517e-02 1.517476512820147505e+00 -2.534741631392367633e-01 9.539033770561218262e-01 4.432686790823936462e-02 2.968267500400543213e-01 4.844159353524446487e-03 -3.858811408281326294e-02 9.989386796951293945e-01 -2.516927942633628845e-02 -5.465094745159149170e-02 -2.976274192333221436e-01 1.255491841584444046e-02 9.546009302139282227e-01 -2.671137265861034393e-02 0.000000000000000000e+00 0.000000000000000000e+00 0.000000000000000000e+00 1.000000000000000000e+00
5.322999954223633229e-02 1.519012357820796355e+00 -2.450442263142136035e-01 9.564514756202697754e-01 4.217483475804328918e-02 2.888333797454833984e-01 4.687794484198093414e-03 -3.676011413335800171e-02 9.990327954292297363e-01 -2.414958551526069641e-02 -5.155995115637779236e-02 -2.895725667476654053e-01 1.248019747436046600e-02 9.570760726928710938e-01 -2.678751572966575623e-02 0.000000000000000000e+00 0.000000000000000000e+00 0.000000000000000000e+00 1.000000000000000000e+00
4.647999763488769309e-02 1.522852103480472730e+00 -2.262470361291890331e-01 9.623935818672180176e-01 3.774021938443183899e-02 2.690300643444061279e-01 4.569114651530981064e-03 -3.298520669341087341e-02 9.992102384567260742e-01 -2.217631973326206207e-02 -4.438152164220809937e-02 -2.696546018123626709e-01 1.246817409992218018e-02 9.628777503967285156e-01 -2.568816207349300385e-02 0.000000000000000000e+00 0.000000000000000000e+00 0.000000000000000000e+00 1.000000000000000000e+00
3.703000068664551170e-02 1.530898045765819893e+00 -1.875181824242798667e-01 9.736698865890502930e-01 2.872167155146598816e-02 2.261530309915542603e-01 4.695586394518613815e-03 -2.519886381924152374e-02 9.995126724243164062e-01 -1.845095492899417877e-02 -3.316073864698410034e-02 -2.265728563070297241e-01 1.226617768406867981e-02 9.739182591438293457e-01 -2.125789411365985870e-02 0.000000000000000000e+00 0.000000000000000000e+00 0.000000000000000000e+00 1.000000000000000000e+00
3.006999969482421903e-02 1.542417282744848572e+00 -1.330639034370491858e-01 9.839379787445068359e-01 1.862639375030994415e-02 1.775449961423873901e-01 4.678084049373865128e-03 -1.600960455834865570e-02 9.997417330741882324e-01 -1.616244763135910034e-02 -2.683836780488491058e-02 -1.778002977371215820e-01 1.306026149541139603e-02 9.839810132980346680e-01 -1.671170815825462341e-02 0.000000000000000000e+00 0.000000000000000000e+00 0.000000000000000000e+00 1.000000000000000000e+00
3.130000114440917997e-02 1.550463225030195957e+00 -9.395107183722102573e-02 9.900006651878356934e-01 1.069174613803625107e-02 1.406678557395935059e-01 4.336619749665260315e-03 -8.628780022263526917e-03 9.998466372489929199e-01 -1.527032349258661270e-02 -2.679777704179286957e-02 -1.408096700906753540e-01 1.390368305146694183e-02 9.899402260780334473e-01 -1.234851777553558350e-02 0.000000000000000000e+00 0.000000000000000000e+00 0.000000000000000000e+00 1.000000000000000000e+00
3.882999897003173995e-02 1.555838815690520960e+00 -6.825982727852482335e-02 9.932612776756286621e-01 5.673598032444715500e-03 1.157696619629859924e-01 4.247769713401794434e-03 -4.055221565067768097e-03 9.998912811279296875e-01 -1.421373523771762848e-02 -3.252008557319641113e-02 -1.158378869295120239e-01 1.364833116531372070e-02 9.931755065917968750e-01 -9.569551795721054077e-03 0.000000000000000000e+00 0.000000000000000000e+00 0.000000000000000000e+00 1.000000000000000000e+00
5.037000179290771623e-02 1.560045145474246775e+00 -4.907865919858130088e-02 9.949824810028076172e-01 1.442494802176952362e-03 1.000517085194587708e-01 4.188104998320341110e-03 -5.198865619604475796e-05 9.999036788940429688e-01 -1.390341389924287796e-02 -4.259537532925605774e-02 -1.000623330473899841e-01 1.382830645889043808e-02 9.948862195014953613e-01 -7.598572876304388046e-03 0.000000000000000000e+00 0.000000000000000000e+00 0.000000000000000000e+00 1.000000000000000000e+00
6.097000122070312528e-02 1.562348912975219717e+00 -3.911282743863897515e-02 9.958935976028442383e-01 -5.305203376337885857e-04 9.054420143365859985e-02 4.162829834967851639e-03 1.822092453949153423e-03 9.998981356620788574e-01 -1.418728660792112350e-02 -5.139019712805747986e-02 -9.052763879299163818e-02 1.429385971277952194e-02 9.957925677299499512e-01 -6.372747011482715607e-03 0.000000000000000000e+00 0.000000000000000000e+00 0.000000000000000000e+00 1.000000000000000000e+00
5.920000076293945729e-02 1.561965018304084740e+00 -3.412118762550319512e-02 9.963430762290954590e-01 -9.546139044687151909e-04 8.545358479022979736e-02 4.148093517869710922e-03 2.150319982320070267e-03 9.999016523361206055e-01 -1.390659902244806290e-02 -5.152641236782073975e-02 -8.543209731578826904e-02 1.403934974223375320e-02 9.962463974952697754e-01 -5.863099824637174606e-03 0.000000000000000000e+00 0.000000000000000000e+00 0.000000000000000000e+00 1.000000000000000000e+00
5.671000003814697515e-02 1.562348912975219717e+00 -2.761110906615591581e-02 9.969047904014587402e-01 -1.620562863536179066e-03 7.861790060997009277e-02 4.217238165438175201e-03 2.720703836530447006e-03 9.999004006385803223e-01 -1.389396563172340393e-02 -5.045308172702789307e-02 -7.858776301145553589e-02 1.406471151858568192e-02 9.968092441558837891e-01 -5.320911761373281479e-03 0.000000000000000000e+00 0.000000000000000000e+00 0.000000000000000000e+00 1.000000000000000000e+00
