5.839999914169311662e-03 1.617187128245477279e+00 5.358160999198484202e-03 1.000000000000000000e+00 0.000000000000000000e+00 0.000000000000000000e+00 0.000000000000000000e+00 0.000000000000000000e+00 1.000000000000000000e+00 0.000000000000000000e+00 0.000000000000000000e+00 0.000000000000000000e+00 0.000000000000000000e+00 1.000000000000000000e+00 0.000000000000000000e+00 0.000000000000000000e+00 0.000000000000000000e+00 0.000000000000000000e+00 1.000000000000000000e+00
1.444000005722045898e-02 1.685447009619462033e+00 1.226966479964532522e-02 9.964008927345275879e-01 -7.820700109004974365e-02 3.269360959529876709e-02 -1.424060203135013580e-02 7.887816429138183594e-02 9.966882467269897461e-01 -1.976768113672733307e-02 -1.617536763660609722e-03 -3.103937208652496338e-02 2.227534726262092590e-02 9.992699027061462402e-01 -3.860297147184610367e-05 0.000000000000000000e+00 0.000000000000000000e+00 0.000000000000000000e+00 1.000000000000000000e+00
2.490999937057495131e-02 1.767145867644258406e+00 2.146755013242538854e-02 9.872151017189025879e-01 -1.575320214033126831e-01 2.429190836846828461e-02 -2.780076861381530762e-02 1.580398827791213989e-01 9.872173070907592773e-01 -2.062561549246311188e-02 -3.233873518183827400e-03 -2.073220163583755493e-02 2.420100942254066467e-02 9.994921684265136719e-01 4.271832876838743687e-04 0.000000000000000000e+00 0.000000000000000000e+00 0.000000000000000000e+00 1.000000000000000000e+00
3.526999950408935686e-02 1.848059359463591234e+00 3.066543442490815216e-02 9.718167781829833984e-01 -2.351605743169784546e-01 1.648125983774662018e-02 -4.417832940816879272e-02 2.354969084262847900e-01 9.716068506240844727e-01 -2.282791957259178162e-02 -6.882001180201768875e-03 -1.064508780837059021e-02 2.606584131717681885e-02 9.996034502983093262e-01 1.248675864189863205e-03 0.000000000000000000e+00 0.000000000000000000e+00 0.000000000000000000e+00 1.000000000000000000e+00
4.567999839782715260e-02 1.928588823453734280e+00 3.949680117236875621e-02 9.506056308746337891e-01 -3.102770447731018066e-01 8.784502744674682617e-03 -6.116498261690139771e-02 3.104012608528137207e-01 9.502345919609069824e-01 -2.655212581157684326e-02 -1.223574765026569366e-02 -1.088331846403889358e-04 2.796732075512409210e-02 9.996086955070495605e-01 1.855098875239491463e-03 0.000000000000000000e+00 0.000000000000000000e+00 0.000000000000000000e+00 1.000000000000000000e+00
5.446000099182129323e-02 1.998768577657556778e+00 4.715879469112158051e-02 9.231156706809997559e-01 -3.845191597938537598e-01 1.561506302095949650e-03 -7.902590930461883545e-02 3.843746185302734375e-01 9.226409196853637695e-01 -3.145672380924224854e-02 -1.905212923884391785e-02 1.065499708056449890e-02 2.963840588927268982e-02 9.995037317276000977e-01 2.588736591860651970e-03 0.000000000000000000e+00 0.000000000000000000e+00 0.000000000000000000e+00 1.000000000000000000e+00
6.494999885559081532e-02 2.080449858819158671e+00 5.635668314479355678e-02 8.896964788436889648e-01 -4.565231204032897949e-01 -5.188676062971353531e-03 -9.685716778039932251e-02 4.560351073741912842e-01 8.891715407371520996e-01 -3.749597817659378052e-02 -2.732467837631702423e-02 2.173139899969100952e-02 3.099382482469081879e-02 9.992833733558654785e-01 3.452989971265196800e-03 0.000000000000000000e+00 0.000000000000000000e+00 0.000000000000000000e+00 1.000000000000000000e+00
7.514999866485595759e-02 2.161747378467680836e+00 6.557201946479473964e-02 8.503963947296142578e-01 -5.260276794433593750e-01 -1.099430676549673080e-02 -1.152045801281929016e-01 5.251153707504272461e-01 8.498560786247253418e-01 -4.470725357532501221e-02 -3.693347424268722534e-02 3.286082297563552856e-02 3.224561363458633423e-02 9.989396929740905762e-01 4.319754894822835922e-03 0.000000000000000000e+00 0.000000000000000000e+00 0.000000000000000000e+00 1.000000000000000000e+00
8.567999839782715343e-02 2.244196582129607709e+00 7.438593418473692098e-02 8.056672811508178711e-01 -5.921654701232910156e-01 -1.549854595214128494e-02 -1.331462264060974121e-01 5.907678008079528809e-01 8.051375150680541992e-01 -5.241057649254798889e-02 -4.819165170192718506e-02 4.351419582962989807e-02 3.306946158409118652e-02 9.985054135322570801e-01 5.340412724763154984e-03 0.000000000000000000e+00 0.000000000000000000e+00 0.000000000000000000e+00 1.000000000000000000e+00
9.425000190734864058e-02 2.310938062208083288e+00 8.206538389219739105e-02 7.563458681106567383e-01 -6.538732051849365234e-01 -1.975956931710243225e-02 -1.505527496337890625e-01 6.518228054046630859e-01 7.558436989784240723e-01 -6.186364591121673584e-02 -6.139487773180007935e-02 5.538613721728324890e-02 3.391059488058090210e-02 9.978888630867004395e-01 5.666496697813272476e-03 0.000000000000000000e+00 0.000000000000000000e+00 0.000000000000000000e+00 1.000000000000000000e+00
