5.059999823570251846e-03 1.614499332915315000e+00 4.974188305766001107e-03 1.000000000000000000e+00 0.000000000000000000e+00 0.000000000000000000e+00 0.000000000000000000e+00 0.000000000000000000e+00 1.000000000000000000e+00 0.000000000000000000e+00 0.000000000000000000e+00 0.000000000000000000e+00 0.000000000000000000e+00 1.000000000000000000e+00 0.000000000000000000e+00 0.000000000000000000e+00 0.000000000000000000e+00 0.000000000000000000e+00 1.000000000000000000e+00
1.519000053405761795e-02 1.692742473109624779e+00 1.342158183964547481e-02 9.943340420722961426e-01 -7.622417807579040527e-02 7.409392297267913818e-02 -1.557369809597730637e-02 7.759264111518859863e-02 9.968605637550354004e-01 -1.576554961502552032e-02 2.141559030860662460e-03 -7.265956699848175049e-02 2.142536267638206482e-02 9.971267580986022949e-01 7.354052504524588585e-04 0.000000000000000000e+00 0.000000000000000000e+00 0.000000000000000000e+00 1.000000000000000000e+00
2.450999975204467760e-02 1.763690149813771813e+00 2.108357639869560402e-02 9.855996966361999512e-01 -1.562227904796600342e-01 6.471367925405502319e-02 -2.876517362892627716e-02 1.573841422796249390e-01 9.874489307403564453e-01 -1.322354283183813095e-02 2.866560360416769981e-03 -6.183561682701110840e-02 2.321802079677581787e-02 9.978163242340087891e-01 9.068711078725755215e-04 0.000000000000000000e+00 0.000000000000000000e+00 0.000000000000000000e+00 1.000000000000000000e+00
3.490999937057494978e-02 1.844603641633104196e+00 3.028146277177296702e-02 9.706643223762512207e-01 -2.339010983705520630e-01 5.568988621234893799e-02 -4.495776072144508362e-02 2.349457591772079468e-01 9.719226956367492676e-01 -1.292251050472259521e-02 3.165696514770388603e-03 -5.110367015004158020e-02 2.562751434743404388e-02 9.983645677566528320e-01 1.302303513512015343e-03 0.000000000000000000e+00 0.000000000000000000e+00 0.000000000000000000e+00 1.000000000000000000e+00
4.554999828338623241e-02 1.927820900953409744e+00 3.949680117236875621e-02 9.494219422340393066e-01 -3.104315698146820068e-01 4.722500219941139221e-02 -6.214264780282974243e-02 3.113494217395782471e-01 9.502021670341491699e-01 -1.332418527454137802e-02 3.119917353615164757e-03 -4.073704406619071960e-02 2.735374681651592255e-02 9.987953901290893555e-01 1.996208447962999344e-03 0.000000000000000000e+00 0.000000000000000000e+00 0.000000000000000000e+00 1.000000000000000000e+00
5.585999965667724776e-02 2.008734392772742350e+00 4.869468546485151983e-02 9.223349094390869141e-01 -3.843998610973358154e-01 3.918053954839706421e-02 -7.944153994321823120e-02 3.851879835128784180e-01 9.227200150489807129e-01 -1.477619260549545288e-02 2.224953612312674522e-03 -3.047269210219383240e-02 2.872046642005443573e-02 9.991228580474853516e-01 2.954682800918817520e-03 0.000000000000000000e+00 0.000000000000000000e+00 0.000000000000000000e+00 1.000000000000000000e+00
6.441999912261962835e-02 2.076226218488347985e+00 5.599016143858220190e-02 8.899849653244018555e-01 -4.549477398395538330e-01 3.081024810671806335e-02 -9.551980346441268921e-02 4.555910825729370117e-01 8.899996876716613770e-01 -1.836720108985900879e-02 -1.336079585598781705e-04 -1.906499080359935760e-02 3.038340248167514801e-02 9.993565082550048828e-01 3.374553751200437546e-03 0.000000000000000000e+00 0.000000000000000000e+00 0.000000000000000000e+00 1.000000000000000000e+00
7.480000019073486384e-02 2.157157154012820044e+00 6.518804573106495859e-02 8.514333367347717285e-01 -5.239439606666564941e-01 2.332129329442977905e-02 -1.139898374676704407e-01 5.244067311286926270e-01 8.511500954627990723e-01 -2.326156385242938995e-02 -5.369951948523521423e-03 -7.662158925086259842e-03 3.203551098704338074e-02 9.994574189186096191e-01 4.316155333071947098e-03 0.000000000000000000e+00 0.000000000000000000e+00 0.000000000000000000e+00 1.000000000000000000e+00
8.541999816894531306e-02 2.240374413333126036e+00 7.438593418473692098e-02 8.057914972305297852e-01 -5.919716358184814453e-01 1.641561277210712433e-02 -1.326284110546112061e-01 5.921864509582519531e-01 8.052827119827270508e-01 -2.889444492757320404e-02 -1.212572399526834488e-02 3.885483602061867714e-03 3.300400078296661377e-02 9.994477033615112305e-01 5.081532988697290421e-03 0.000000000000000000e+00 0.000000000000000000e+00 0.000000000000000000e+00 1.000000000000000000e+00
9.579000473022461493e-02 2.322439722323917710e+00 8.321730093219753543e-02 7.574546933174133301e-01 -6.528029441833496094e-01 1.052021514624357224e-02 -1.498226523399353027e-01 6.527118086814880371e-01 7.567785382270812988e-01 -3.540559485554695129e-02 -2.047860808670520782e-02 1.515140198171138763e-02 3.368479758501052856e-02 9.993177056312561035e-01 5.722465459257364273e-03 0.000000000000000000e+00 0.000000000000000000e+00 0.000000000000000000e+00 1.000000000000000000e+00
