-2.800000086426735206e-04 1.551999070030844807e+00 -5.358160999198484202e-03 9.980818033218383789e-01 1.908100396394729614e-02 5.889467522501945496e-02 1.494715106673538685e-03 -1.779412478208541870e-02 9.995930194854736328e-01 -2.229814045131206512e-02 -1.443839399144053459e-03 -5.929617211222648621e-02 2.120739035308361053e-02 9.980152249336242676e-01 7.863549399189651012e-05 0.000000000000000000e+00 0.000000000000000000e+00 0.000000000000000000e+00 1.000000000000000000e+00
-2.800000086426735206e-04 1.532817918595658080e+00 -7.278022905914948402e-03 9.975742697715759277e-01 3.514279797673225403e-02 6.008866056799888611e-02 3.958285320550203323e-03 -3.381556645035743713e-02 9.991642832756042480e-01 -2.296437509357929230e-02 -2.769459038972854614e-03 -6.084547191858291626e-02 2.087673917412757874e-02 9.979289174079895020e-01 2.398444776190444827e-04 0.000000000000000000e+00 0.000000000000000000e+00 0.000000000000000000e+00 1.000000000000000000e+00
-2.800000086426735206e-04 1.512118365864962621e+00 -8.429940466063746973e-03 9.965981841087341309e-01 5.488418042659759521e-02 6.147875636816024780e-02 7.487870287150144577e-03 -5.352872610092163086e-02 9.982901215553283691e-01 -2.348289079964160919e-02 -4.973676055669784546e-03 -6.266247481107711792e-02 2.011212892830371857e-02 9.978321194648742676e-01 5.019407835789024830e-04 0.000000000000000000e+00 0.000000000000000000e+00 0.000000000000000000e+00 1.000000000000000000e+00
-2.800000086426735206e-04 1.488329546269775427e+00 -9.581858026212546411e-03 9.946686029434204102e-01 8.189667761325836182e-02 6.266748160123825073e-02 1.251969672739505768e-02 -8.049685508012771606e-02 9.964525699615478516e-01 -2.454948797821998596e-02 -7.763942237943410873e-03 -6.445568054914474487e-02 1.937407255172729492e-02 9.977325797080993652e-01 5.415074992924928665e-04 0.000000000000000000e+00 0.000000000000000000e+00 0.000000000000000000e+00 1.000000000000000000e+00
-2.899999916553497271e-04 1.462638297549889943e+00 -1.111774775964517736e-02 9.920996427536010742e-01 1.079805642366409302e-01 6.386239081621170044e-02 1.719796843826770782e-02 -1.065401434898376465e-01 9.939799308776855469e-01 -2.555620670318603516e-02 -1.068797335028648376e-02 -6.623750925064086914e-02 1.855039782822132111e-02 9.976314306259155273e-01 5.095325177535414696e-04 0.000000000000000000e+00 0.000000000000000000e+00 0.000000000000000000e+00 1.000000000000000000e+00
-2.800000086426735206e-04 1.444242512320167648e+00 -1.188569210621284386e-02 9.904991984367370605e-01 1.215760484337806702e-01 6.426838785409927368e-02 1.972413994371891022e-02 -1.200874820351600647e-01 9.924081563949584961e-01 -2.655287273228168488e-02 -1.265617273747920990e-02 -6.700866669416427612e-02 1.858277432620525360e-02 9.975793361663818359e-01 5.116575630381703377e-04 0.000000000000000000e+00 0.000000000000000000e+00 0.000000000000000000e+00 1.000000000000000000e+00
-2.800000086426735206e-04 1.413943595440281698e+00 -1.303760914621299172e-02 9.864250421524047852e-01 1.507539451122283936e-01 6.510585546493530273e-02 2.510910853743553162e-02 -1.492273360490798950e-01 9.884138703346252441e-01 -2.773507870733737946e-02 -1.636740192770957947e-02 -6.853270530700683594e-02 1.764300651848316193e-02 9.974929094314575195e-01 5.120115238241851330e-04 0.000000000000000000e+00 0.000000000000000000e+00 0.000000000000000000e+00 1.000000000000000000e+00
-2.800000086426735206e-04 1.382876756060071211e+00 -1.380555453307795791e-02 9.801356196403503418e-01 1.869956552982330322e-01 6.608200818300247192e-02 3.175993636250495911e-02 -1.854152977466583252e-01 9.822220206260681152e-01 -2.934423275291919708e-02 -2.046981453895568848e-02 -7.039445638656616211e-02 1.650871522724628448e-02 9.973825812339782715e-01 4.743838799186050892e-04 0.000000000000000000e+00 0.000000000000000000e+00 0.000000000000000000e+00 1.000000000000000000e+00
-2.899999916553497271e-04 1.352193811350995922e+00 -1.455604581182989680e-02 9.748175144195556641e-01 2.128245830535888672e-01 6.660903245210647583e-02 3.621234744787216187e-02 -2.111705690622329712e-01 9.769563674926757812e-01 -3.104063868522644043e-02 -2.462079375982284546e-02 -7.168032228946685791e-02 1.619309186935424805e-02 9.972962141036987305e-01 4.572185280267149210e-04 0.000000000000000000e+00 0.000000000000000000e+00 0.000000000000000000e+00 1.000000000000000000e+00
-2.800000086426735206e-04 1.319207099140947470e+00 -1.570796285183004640e-02 9.671515226364135742e-01 2.451586425304412842e-01 6.719703227281570435e-02 4.224497824907302856e-02 -2.434521019458770752e-01 9.693639874458312988e-01 -3.263351693749427795e-02 -2.912470698356628418e-02 -7.313877344131469727e-02 1.520229596644639969e-02 9.972058534622192383e-01 4.176419170107692480e-04 0.000000000000000000e+00 0.000000000000000000e+00 0.000000000000000000e+00 1.000000000000000000e+00
-2.800000086426735206e-04 1.288925625966201416e+00 -1.647590823869500912e-02 9.597951769828796387e-01 2.724786996841430664e-01 6.744232773780822754e-02 4.699139669537544250e-02 -2.707269787788391113e-01 9.620535969734191895e-01 -3.405396267771720886e-02 -3.306910395622253418e-02 -7.416212558746337891e-02 1.442637294530868530e-02 9.971417188644409180e-01 3.550552355591207743e-04 0.000000000000000000e+00 0.000000000000000000e+00 0.000000000000000000e+00 1.000000000000000000e+00
-2.800000086426735206e-04 1.253251118425990462e+00 -1.724385258526267561e-02 9.497689008712768555e-01 3.055676221847534180e-01 6.758195906877517700e-02 5.258576944470405579e-02 -3.037334680557250977e-01 9.520696997642517090e-01 -3.617998585104942322e-02 -3.850782662630081177e-02 -7.539819180965423584e-02 1.383572351187467575e-02 9.970573186874389648e-01 3.046898054890334606e-04 0.000000000000000000e+00 0.000000000000000000e+00 0.000000000000000000e+00 1.000000000000000000e+00
-2.800000086426735206e-04 1.234837889491128049e+00 -1.762782527869516044e-02 9.423172473907470703e-01 3.277961015701293945e-01 6.773327291011810303e-02 5.661277100443840027e-02 -3.259533345699310303e-01 9.446620941162109375e-01 -3.698478639125823975e-02 -4.233643040060997009e-02 -7.610853016376495361e-02 1.277351938188076019e-02 9.970175027847290039e-01 2.369742433074861765e-04 0.000000000000000000e+00 0.000000000000000000e+00 0.000000000000000000e+00 1.000000000000000000e+00
-2.800000086426735206e-04 1.216442104261405754e+00 -1.839577066556012663e-02 9.364346861839294434e-01 3.442574441432952881e-01 6.765366345643997192e-02 5.941535159945487976e-02 -3.423681259155273438e-01 9.387913346290588379e-01 -3.814378008246421814e-02 -4.531630128622055054e-02 -7.664395868778228760e-02 1.255669724196195602e-02 9.969793558120727539e-01 1.829690445447340608e-04 0.000000000000000000e+00 0.000000000000000000e+00 0.000000000000000000e+00 1.000000000000000000e+00
-2.899999916553497271e-04 1.179615646391681150e+00 -1.916371605242509282e-02 9.237217903137207031e-01 3.770240545272827148e-01 6.775663048028945923e-02 6.450278311967849731e-02 -3.750739097595214844e-01 9.261316657066345215e-01 -3.999615088105201721e-02 -5.100482329726219177e-02 -7.783108949661254883e-02 1.153157092630863190e-02 9.968997240066528320e-01 1.642731658648699522e-04 0.000000000000000000e+00 0.000000000000000000e+00 0.000000000000000000e+00 1.000000000000000000e+00
-2.800000086426735206e-04 1.145878455386448280e+00 -1.993165935869545616e-02 9.121919870376586914e-01 4.041577577590942383e-01 6.754438579082489014e-02 6.868274509906768799e-02 -4.021410048007965088e-01 9.146236777305603027e-01 -4.178685694932937622e-02 -5.626928806304931641e-02 -7.866618782281875610e-02 1.095526665449142456e-02 9.968406558036804199e-01 1.807547523640096188e-04 0.000000000000000000e+00 0.000000000000000000e+00 0.000000000000000000e+00 1.000000000000000000e+00
-2.800000086426735206e-04 1.127849254280775426e+00 -2.031563309242524068e-02 9.047214984893798828e-01 4.206643700599670410e-01 6.723427027463912964e-02 7.113523781299591064e-02 -4.186010360717773438e-01 9.071527123451232910e-01 -4.297688975930213928e-02 -5.919608101248741150e-02 -7.907060533761978149e-02 1.073777861893177032e-02 9.968109726905822754e-01 1.523003884358331561e-04 0.000000000000000000e+00 0.000000000000000000e+00 0.000000000000000000e+00 1.000000000000000000e+00
-2.800000086426735206e-04 1.109051997516723453e+00 -2.069960474556042235e-02 8.968432545661926270e-01 4.372529089450836182e-01 6.694888323545455933e-02 7.381403446197509766e-02 -4.351502656936645508e-01 8.992784619331359863e-01 -4.407300427556037903e-02 -6.249313801527023315e-02 -7.947674393653869629e-02 1.039374992251396179e-02 9.967823624610900879e-01 1.192218551295809448e-04 0.000000000000000000e+00 0.000000000000000000e+00 0.000000000000000000e+00 1.000000000000000000e+00
-2.800000086426735206e-04 1.090272251036839002e+00 -2.108357639869560402e-02 8.886675834655761719e-01 4.536603689193725586e-01 6.679972261190414429e-02 7.609795778989791870e-02 -4.515253305435180664e-01 8.911198377609252930e-01 -4.505797475576400757e-02 -6.551084667444229126e-02 -7.996758073568344116e-02 9.879791177809238434e-03 9.967483282089233398e-01 6.055038102203980088e-05 0.000000000000000000e+00 0.000000000000000000e+00 0.000000000000000000e+00 1.000000000000000000e+00
-2.800000086426735206e-04 1.054597743496628048e+00 -2.185152178556057020e-02 8.687502741813659668e-01 4.908167123794555664e-01 6.612003594636917114e-02 8.146307617425918579e-02 -4.885801076889038086e-01 8.712148666381835938e-01 -4.768430441617965698e-02 -7.364770025014877319e-02 -8.100903034210205078e-02 9.120810776948928833e-03 9.966713786125183105e-01 -8.602396701462566853e-05 0.000000000000000000e+00 0.000000000000000000e+00 0.000000000000000000e+00 1.000000000000000000e+00
-2.800000086426735206e-04 1.036201958266905754e+00 -2.223549551929035473e-02 8.625241518020629883e-01 5.017018914222717285e-01 6.593460589647293091e-02 8.308709412813186646e-02 -4.994305968284606934e-01 8.649945259094238281e-01 -4.851154237985610962e-02 -7.569470256567001343e-02 -8.137141168117523193e-02 8.912611752748489380e-03 9.966437816619873047e-01 -1.301796437473967671e-04 0.000000000000000000e+00 0.000000000000000000e+00 0.000000000000000000e+00 1.000000000000000000e+00
-2.800000086426735206e-04 1.017788729332043562e+00 -2.300343882556072153e-02 8.503392338752746582e-01 5.221311450004577637e-01 6.559110432863235474e-02 8.612166345119476318e-02 -5.198103785514831543e-01 8.528245091438293457e-01 -4.987175390124320984e-02 -8.084315061569213867e-02 -8.197730779647827148e-02 8.312966674566268921e-03 9.965992569923400879e-01 -2.693795540835708380e-04 0.000000000000000000e+00 0.000000000000000000e+00 0.000000000000000000e+00 1.000000000000000000e+00
-2.800000086426735206e-04 9.989915391470189920e-01 -2.300343882556072153e-02 8.439590930938720703e-01 5.324243903160095215e-01 6.524907052516937256e-02 8.742467314004898071e-02 -5.300615429878234863e-01 8.464370965957641602e-01 -5.078331753611564636e-02 -8.311901986598968506e-02 -8.226751536130905151e-02 8.273012004792690277e-03 9.965758323669433594e-01 -3.022303571924567223e-04 0.000000000000000000e+00 0.000000000000000000e+00 0.000000000000000000e+00 1.000000000000000000e+00
-2.800000086426735206e-04 9.786759476664856905e-01 -2.338741255929050605e-02 8.271788954734802246e-01 5.581883192062377930e-01 6.481425464153289795e-02 9.095399081707000732e-02 -5.557654500007629395e-01 8.296812772750854492e-01 -5.247330293059349060e-02 -8.931041508913040161e-02 -8.306516706943511963e-02 7.383277174085378647e-03 9.965165257453918457e-01 -4.234936204738914967e-04 0.000000000000000000e+00 0.000000000000000000e+00 0.000000000000000000e+00 1.000000000000000000e+00
-2.800000086426735206e-04 9.564229730719470135e-01 -2.415535586556086592e-02 8.201636075973510742e-01 5.685017108917236328e-01 6.432325392961502075e-02 9.233458340167999268e-02 -5.660304427146911621e-01 8.226482868194580078e-01 -5.347045511007308960e-02 -9.183946996927261353e-02 -8.331346511840820312e-02 7.445595692843198776e-03 9.964953064918518066e-01 -4.725876497104763985e-04 0.000000000000000000e+00 0.000000000000000000e+00 0.000000000000000000e+00 1.000000000000000000e+00
-2.800000086426735206e-04 9.280439290218991388e-01 -2.453932959929065044e-02 8.022326827049255371e-01 5.936110019683837891e-01 6.363072246313095093e-02 9.553325921297073364e-02 -5.910481810569763184e-01 8.047221899032592773e-01 -5.553537607192993164e-02 -9.824419766664505005e-02 -8.417146652936935425e-02 6.943466141819953918e-03 9.964269399642944336e-01 -5.803509848192334175e-04 0.000000000000000000e+00 0.000000000000000000e+00 0.000000000000000000e+00 1.000000000000000000e+00
-2.800000086426735206e-04 9.038885918816897957e-01 -2.492330125242583211e-02 7.910736799240112305e-01 6.084657907485961914e-01 6.302215158939361572e-02 9.751777350902557373e-02 -6.058741807937622070e-01 7.935534715652465820e-01 -5.647312849760055542e-02 -1.019793599843978882e-01 -8.437342196702957153e-02 6.490903440862894058e-03 9.964128136634826660e-01 -6.625198293477296829e-04 0.000000000000000000e+00 0.000000000000000000e+00 0.000000000000000000e+00 1.000000000000000000e+00
-2.800000086426735206e-04 8.697499293421274702e-01 -2.569124663929080177e-02 7.683898210525512695e-01 6.369504928588867188e-01 6.221818178892135620e-02 1.009414568543434143e-01 -6.342629790306091309e-01 7.708837985992431641e-01 -5.872344970703125000e-02 -1.094147488474845886e-01 -8.536691963672637939e-02 5.659802816808223724e-03 9.963331818580627441e-01 -8.231514948420226574e-04 0.000000000000000000e+00 0.000000000000000000e+00 0.000000000000000000e+00 1.000000000000000000e+00
-2.800000086426735206e-04 8.467464759524045981e-01 -2.607521829242598344e-02 7.534222602844238281e-01 6.546595096588134766e-01 6.144772469997406006e-02 1.032111570239067078e-01 -6.519218087196350098e-01 7.559061050415039062e-01 -6.003161892294883728e-02 -1.139407083392143250e-01 -8.574898540973663330e-02 5.170039832592010498e-03 9.963030219078063965e-01 -9.289746521972119808e-04 0.000000000000000000e+00 0.000000000000000000e+00 0.000000000000000000e+00 1.000000000000000000e+00
-2.800000086426735206e-04 8.283332470175421847e-01 -2.645919202615576796e-02 7.410703301429748535e-01 6.686789393424987793e-01 6.068762019276618958e-02 1.048339828848838806e-01 -6.658682227134704590e-01 7.435331940650939941e-01 -6.146135553717613220e-02 -1.172836273908615112e-01 -8.622118830680847168e-02 5.137222353368997574e-03 9.962623715400695801e-01 -9.727854630909860134e-04 0.000000000000000000e+00 0.000000000000000000e+00 0.000000000000000000e+00 1.000000000000000000e+00
-2.800000086426735206e-04 8.107054508671714954e-01 -2.684316367929094962e-02 7.285882234573364258e-01 6.823451519012451172e-01 5.970139801502227783e-02 1.065109893679618835e-01 -6.794984936714172363e-01 7.310133576393127441e-01 -6.245922669768333435e-02 -1.204920262098312378e-01 -8.626127243041992188e-02 4.940044134855270386e-03 9.962599873542785645e-01 -1.061171293258666992e-03 0.000000000000000000e+00 0.000000000000000000e+00 0.000000000000000000e+00 1.000000000000000000e+00
-2.800000086426735206e-04 8.298691585972182150e-01 -2.415535586556086592e-02 7.425614595413208008e-01 6.672089099884033203e-01 5.860715731978416443e-02 1.069524288177490234e-01 -6.645135283470153809e-01 7.448483705520629883e-01 -6.018744409084320068e-02 -1.177967339754104614e-01 -8.381105214357376099e-02 5.747618153691291809e-03 9.964647293090820312e-01 -4.481593787204474211e-04 0.000000000000000000e+00 0.000000000000000000e+00 0.000000000000000000e+00 1.000000000000000000e+00
-2.800000086426735206e-04 8.482823875320805174e-01 -2.300343882556072153e-02 7.529795169830322266e-01 6.554393768310546875e-01 5.848991870880126953e-02 1.060797944664955139e-01 -6.527212262153625488e-01 7.552149891853332520e-01 -6.004342436790466309e-02 -1.146524399518966675e-01 -8.352728188037872314e-02 7.033848669379949570e-03 9.964803457260131836e-01 -1.656029635341838002e-04 0.000000000000000000e+00 0.000000000000000000e+00 0.000000000000000000e+00 1.000000000000000000e+00
-2.600000053644180341e-04 8.720537634221278145e-01 -2.146755013242538854e-02 7.650291919708251953e-01 6.413439512252807617e-01 5.838146060705184937e-02 1.045633777976036072e-01 -6.387068033218383789e-01 7.672164440155029297e-01 -5.858701840043067932e-02 -1.106950715184211731e-01 -8.236565440893173218e-02 7.532132323831319809e-03 9.965733885765075684e-01 8.868842269293963909e-05 0.000000000000000000e+00 0.000000000000000000e+00 0.000000000000000000e+00 1.000000000000000000e+00
-2.800000086426735206e-04 9.023526803020138765e-01 -1.916371605242509282e-02 7.834009528160095215e-01 6.187858581542968750e-01 5.819951742887496948e-02 1.022055670619010925e-01 -6.163036227226257324e-01 7.855194807052612305e-01 -5.593826994299888611e-02 -1.045327037572860718e-01 -8.033066242933273315e-02 7.953516207635402679e-03 9.967362880706787109e-01 3.474151890259236097e-04 0.000000000000000000e+00 0.000000000000000000e+00 0.000000000000000000e+00 1.000000000000000000e+00
-2.800000086426735206e-04 9.253735773968767564e-01 -1.801179693183034211e-02 7.976421117782592773e-01 6.003289818763732910e-01 5.806976184248924255e-02 9.989102929830551147e-02 -5.979711413383483887e-01 7.997111678123474121e-01 -5.378142371773719788e-02 -9.972448647022247314e-02 -7.872559875249862671e-02 8.174281567335128784e-03 9.968624114990234375e-01 5.006802966818213463e-04 0.000000000000000000e+00 0.000000000000000000e+00 0.000000000000000000e+00 1.000000000000000000e+00
-2.800000086426735206e-04 9.602627187316232771e-01 -1.570796285183004640e-02 8.205056190490722656e-01 5.687303543090820312e-01 5.758858472108840942e-02 9.598386287689208984e-02 -5.664716958999633789e-01 8.224670886993408203e-01 -5.155419930815696716e-02 -9.201085567474365234e-02 -7.668516039848327637e-02 9.678205475211143494e-03 9.970080256462097168e-01 8.426830754615366459e-04 0.000000000000000000e+00 0.000000000000000000e+00 0.000000000000000000e+00 1.000000000000000000e+00
-2.800000086426735206e-04 9.894096852819955767e-01 -1.380555453307795791e-02 8.319365978240966797e-01 5.519353747367858887e-01 5.699796229600906372e-02 9.367606043815612793e-02 -5.497561693191528320e-01 8.338228464126586914e-01 -5.007427930831909180e-02 -8.782442659139633179e-02 -7.516398280858993530e-02 1.032364554703235626e-02 9.971173405647277832e-01 1.042898045852780342e-03 0.000000000000000000e+00 0.000000000000000000e+00 0.000000000000000000e+00 1.000000000000000000e+00
-2.800000086426735206e-04 1.022012436241881872e+00 -1.188569210621284386e-02 8.548302650451660156e-01 5.158479213714599609e-01 5.627097189426422119e-02 8.882801234722137451e-02 -5.138518810272216797e-01 8.566100597381591797e-01 -4.664293304085731506e-02 -7.969393581151962280e-02 -7.226295769214630127e-02 1.095684431493282318e-02 9.973250031471252441e-01 1.337132067419588566e-03 0.000000000000000000e+00 0.000000000000000000e+00 0.000000000000000000e+00 1.000000000000000000e+00
-2.899999916553497271e-04 1.054597743496628048e+00 -9.965829679347728079e-03 8.688921928405761719e-01 4.918662607669830322e-01 5.562632530927658081e-02 8.537854999303817749e-02 -4.899672567844390869e-01 8.705936670303344727e-01 -4.471054673194885254e-02 -7.420586794614791870e-02 -7.041953504085540771e-02 1.159356720745563507e-02 9.974497556686401367e-01 1.517788856290280819e-03 0.000000000000000000e+00 0.000000000000000000e+00 0.000000000000000000e+00 1.000000000000000000e+00
-2.800000086426735206e-04 1.087584455706676501e+00 -8.045967772631263878e-03 8.825433254241943359e-01 4.670354127883911133e-01 5.473085492849349976e-02 8.158309012651443481e-02 -4.652138650417327881e-01 8.841493725776672363e-01 -4.308221489191055298e-02 -6.848262995481491089e-02 -6.851118803024291992e-02 1.256037037819623947e-02 9.975709319114685059e-01 1.780943013727664948e-03 0.000000000000000000e+00 0.000000000000000000e+00 0.000000000000000000e+00 1.000000000000000000e+00
-2.800000086426735206e-04 1.105229762141214600e+00 -6.894050732631116021e-03 8.905484080314636230e-01 4.516468644142150879e-01 5.421321839094161987e-02 7.955085486173629761e-02 -4.498906433582305908e-01 8.921043872833251953e-01 -4.181581363081932068e-02 -6.546495109796524048e-02 -6.724984198808670044e-02 1.284899096935987473e-02 9.976531267166137695e-01 1.848224899731576443e-03 0.000000000000000000e+00 0.000000000000000000e+00 0.000000000000000000e+00 1.000000000000000000e+00
-2.800000086426735206e-04 1.142806632227096220e+00 -4.590216132482168726e-03 9.104903936386108398e-01 4.101631343364715576e-01 5.266658216714859009e-02 7.408460229635238647e-02 -4.085621535778045654e-01 9.119086861610412598e-01 -3.872742503881454468e-02 -5.763655528426170349e-02 -6.391167640686035156e-02 1.374337729066610336e-02 9.978606104850769043e-01 2.160539152100682259e-03 0.000000000000000000e+00 0.000000000000000000e+00 0.000000000000000000e+00 1.000000000000000000e+00
-2.800000086426735206e-04 1.176177372266334231e+00 -2.670353705617053812e-03 9.200498461723327637e-01 3.883537054061889648e-01 5.186487734317779541e-02 7.083062827587127686e-02 -3.868360221385955811e-01 9.214035272598266602e-01 -3.706262633204460144e-02 -5.356353148818016052e-02 -6.218190118670463562e-02 1.403626706451177597e-02 9.979657530784606934e-01 2.279777778312563896e-03 0.000000000000000000e+00 0.000000000000000000e+00 0.000000000000000000e+00 1.000000000000000000e+00
-2.800000086426735206e-04 1.193805234995732434e+00 -1.518436405542579947e-03 9.289818406105041504e-01 3.666092753410339355e-01 5.089948326349258423e-02 6.803628802299499512e-02 -3.651448190212249756e-01 9.302576780319213867e-01 -3.592124953866004944e-02 -4.946735128760337830e-02 -6.051870062947273254e-02 1.478451117873191833e-02 9.980573058128356934e-01 2.322307787835597992e-03 0.000000000000000000e+00 0.000000000000000000e+00 0.000000000000000000e+00 1.000000000000000000e+00
-2.600000053644180341e-04 1.212986386430918939e+00 0.000000000000000000e+00 9.356143474578857422e-01 3.494648635387420654e-01 5.000688508152961731e-02 6.539526581764221191e-02 -3.480489253997802734e-01 9.368246793746948242e-01 -3.495473787188529968e-02 -4.623736068606376648e-02 -5.906314402818679810e-02 1.529931090772151947e-02 9.981367588043212891e-01 2.358949743211269379e-03 0.000000000000000000e+00 0.000000000000000000e+00 0.000000000000000000e+00 1.000000000000000000e+00
-2.800000086426735206e-04 1.231015587536591793e+00 7.504916038448455938e-04 9.399406313896179199e-01 3.377059400081634521e-01 4.966644197702407837e-02 6.364419311285018921e-02 -3.363305628299713135e-01 9.411267042160034180e-01 -3.409710898995399475e-02 -4.450542852282524109e-02 -5.825721099972724915e-02 1.534491591155529022e-02 9.981834292411804199e-01 2.386274281889200211e-03 0.000000000000000000e+00 0.000000000000000000e+00 0.000000000000000000e+00 1.000000000000000000e+00
-2.899999916553497271e-04 1.249411372766314310e+00 1.902408838900737902e-03 9.460936784744262695e-01 3.201859593391418457e-01 4.887162148952484131e-02 6.081437692046165466e-02 -3.188503384590148926e-01 9.472219347953796387e-01 -3.325151279568672180e-02 -4.188394173979759216e-02 -5.693892762064933777e-02 1.587631367146968842e-02 9.982512593269348145e-01 2.497610636055469513e-03 0.000000000000000000e+00 0.000000000000000000e+00 0.000000000000000000e+00 1.000000000000000000e+00
-2.800000086426735206e-04 1.268208629530366061e+00 2.670353705617053812e-03 9.537303447723388672e-01 2.968243956565856934e-01 4.790209233760833740e-02 5.694288387894630432e-02 -2.955530881881713867e-01 9.547937512397766113e-01 -3.190539032220840454e-02 -3.815543279051780701e-02 -5.520690232515335083e-02 1.627152971923351288e-02 9.983423352241516113e-01 2.696124836802482605e-03 0.000000000000000000e+00 0.000000000000000000e+00 0.000000000000000000e+00 1.000000000000000000e+00
-2.899999916553497271e-04 1.288541731295066439e+00 4.206243439049684764e-03 9.590061306953430176e-01 2.794611752033233643e-01 4.700750112533569336e-02 5.397539958357810974e-02 -2.782355844974517822e-01 9.600130915641784668e-01 -3.099400177597999573e-02 -3.547782450914382935e-02 -5.378942564129829407e-02 1.664427667856216431e-02 9.984134435653686523e-01 2.781311515718698502e-03 0.000000000000000000e+00 0.000000000000000000e+00 0.000000000000000000e+00 1.000000000000000000e+00
-2.800000086426735206e-04 1.323430872629812960e+00 6.510078039198632927e-03 9.672002196311950684e-01 2.498692721128463745e-01 4.571336880326271057e-02 4.857700690627098083e-02 -2.486973106861114502e-01 9.681217074394226074e-01 -2.983872778713703156e-02 -3.099305182695388794e-02 -5.171189084649085999e-02 1.749123260378837585e-02 9.985086321830749512e-01 3.111935220658779144e-03 0.000000000000000000e+00 0.000000000000000000e+00 0.000000000000000000e+00 1.000000000000000000e+00
-2.800000086426735206e-04 1.344147869065648537e+00 7.661995599347431497e-03 9.731072783470153809e-01 2.259763330221176147e-01 4.469831660389900208e-02 4.442375898361206055e-02 -2.248487174510955811e-01 9.739655852317810059e-01 -2.889276854693889618e-02 -2.746423706412315369e-02 -5.006369948387145996e-02 1.806540228426456451e-02 9.985825419425964355e-01 3.273132955655455589e-03 0.000000000000000000e+00 0.000000000000000000e+00 0.000000000000000000e+00 1.000000000000000000e+00
-2.800000086426735206e-04 1.379421038229584395e+00 9.965829679347728079e-03 9.799016714096069336e-01 1.947372108697891235e-01 4.325485974550247192e-02 3.858270123600959778e-02 -1.936735957860946655e-01 9.806781411170959473e-01 -2.759659849107265472e-02 -2.335638180375099182e-02 -4.779317602515220642e-02 1.866463012993335724e-02 9.986827373504638672e-01 3.610128769651055336e-03 0.000000000000000000e+00 0.000000000000000000e+00 0.000000000000000000e+00 1.000000000000000000e+00
-2.800000086426735206e-04 1.397834134006392448e+00 1.073377506621269427e-02 9.835163950920104980e-01 1.758465170860290527e-01 4.212386906147003174e-02 3.490158170461654663e-02 -1.748086810111999512e-01 9.842268824577331543e-01 -2.720343507826328278e-02 -2.117910049855709076e-02 -4.624306410551071167e-02 1.939140632748603821e-02 9.987418055534362793e-01 3.841682337224483490e-03 0.000000000000000000e+00 0.000000000000000000e+00 0.000000000000000000e+00 1.000000000000000000e+00
-2.800000086426735206e-04 1.417381869565628394e+00 1.226966479964532522e-02 9.866659045219421387e-01 1.575154513120651245e-01 4.098816961050033569e-02 3.162848576903343201e-02 -1.565136313438415527e-01 9.873171448707580566e-01 -2.662442810833454132e-02 -1.869922876358032227e-02 -4.466208443045616150e-02 1.985421031713485718e-02 9.988046884536743164e-01 3.999115899205207825e-03 0.000000000000000000e+00 0.000000000000000000e+00 0.000000000000000000e+00 1.000000000000000000e+00
-2.800000086426735206e-04 1.435795098500490585e+00 1.303760914621299172e-02 9.903500676155090332e-01 1.327695250511169434e-01 3.974845260381698608e-02 2.688110060989856720e-02 -1.318193227052688599e-01 9.909420013427734375e-01 -2.565822564065456390e-02 -1.570288464426994324e-02 -4.279503971338272095e-02 2.017101272940635681e-02 9.988801479339599609e-01 4.271519370377063751e-03 0.000000000000000000e+00 0.000000000000000000e+00 0.000000000000000000e+00 1.000000000000000000e+00
-2.800000086426735206e-04 1.454976249935677313e+00 1.417207311839741198e-02 9.927096366882324219e-01 1.141690760850906372e-01 3.865148127079010010e-02 2.350778505206108093e-02 -1.132442504167556763e-01 9.932443499565124512e-01 -2.533875219523906708e-02 -1.332744862884283066e-02 -4.128327220678329468e-02 2.077696472406387329e-02 9.989314079284667969e-01 4.385190550237894058e-03 0.000000000000000000e+00 0.000000000000000000e+00 0.000000000000000000e+00 1.000000000000000000e+00
-2.800000086426735206e-04 1.483739321814914858e+00 1.570796285183004640e-02 9.953529238700866699e-01 8.882304280996322632e-02 3.719739988446235657e-02 1.845644600689411163e-02 -8.794537186622619629e-02 9.958214759826660156e-01 -2.461050823330879211e-02 -1.063879020512104034e-02 -3.922795131802558899e-02 2.122480794787406921e-02 9.990047812461853027e-01 4.639954306185245514e-03 0.000000000000000000e+00 0.000000000000000000e+00 0.000000000000000000e+00 1.000000000000000000e+00
-2.800000086426735206e-04 1.512118365864962621e+00 1.839577066556012663e-02 9.973005056381225586e-01 6.424006074666976929e-02 3.557535633444786072e-02 1.384660694748163223e-02 -6.342051923274993896e-02 9.977053999900817871e-01 -2.371258102357387543e-02 -7.845134474337100983e-03 -3.701703250408172607e-02 2.139236591756343842e-02 9.990854263305664062e-01 4.950340371578931808e-03 0.000000000000000000e+00 0.000000000000000000e+00 0.000000000000000000e+00 1.000000000000000000e+00
-2.899999916553497271e-04 1.530514151094684916e+00 2.185152178556057020e-02 9.988331794738769531e-01 3.683469071984291077e-02 3.124746307730674744e-02 8.803240023553371429e-03 -3.614066913723945618e-02 9.990937709808349609e-01 -2.249922603368759155e-02 -5.186390131711959839e-03 -3.204790130257606506e-02 2.134366892278194427e-02 9.992584586143493652e-01 5.564906634390354156e-03 0.000000000000000000e+00 0.000000000000000000e+00 0.000000000000000000e+00 1.000000000000000000e+00
-2.800000086426735206e-04 1.549311274700682306e+00 2.799508071929110095e-02 9.995074272155761719e-01 1.830764301121234894e-02 2.550891041755676270e-02 5.808260291814804077e-03 -1.776664704084396362e-02 9.996160864830017090e-01 -2.128458954393863678e-02 -2.917170990258455276e-03 -2.588879130780696869e-02 2.082089893519878387e-02 9.994481205940246582e-01 6.376823410391807556e-03 0.000000000000000000e+00 0.000000000000000000e+00 0.000000000000000000e+00 1.000000000000000000e+00
-2.800000086426735206e-04 1.571546805590080975e+00 3.949680117236875621e-02 9.997975230216979980e-01 5.680140107870101929e-03 1.932573318481445312e-02 3.428878029808402061e-03 -5.274489521980285645e-03 9.997664093971252441e-01 -2.098822221159934998e-02 -1.655604341067373753e-03 -1.944044418632984161e-02 2.088204585015773773e-02 9.995929002761840820e-01 7.070597261190414429e-03 0.000000000000000000e+00 0.000000000000000000e+00 0.000000000000000000e+00 1.000000000000000000e+00
-2.800000086426735206e-04 1.591111984854457040e+00 5.560619186604161962e-02 9.998188018798828125e-01 -1.903886348009109497e-02 9.980527684092521667e-04 -9.856891119852662086e-04 1.905565522611141205e-02 9.995892643928527832e-01 -2.142930030822753906e-02 6.472811801359057426e-04 -5.896855145692825317e-04 2.144443616271018982e-02 9.997699260711669922e-01 9.220323525369167328e-03 0.000000000000000000e+00 0.000000000000000000e+00 0.000000000000000000e+00 1.000000000000000000e+00
-2.600000053644180341e-04 1.606453390629967393e+00 7.438593418473692098e-02 9.992012381553649902e-01 -3.561159595847129822e-02 -1.815404556691646576e-02 -3.864375408738851547e-03 3.520935028791427612e-02 9.991381168365478516e-01 -2.200325019657611847e-02 2.059970982372760773e-03 1.892191916704177856e-02 2.134648524224758148e-02 9.995930790901184082e-01 1.126460824161767960e-02 0.000000000000000000e+00 0.000000000000000000e+00 0.000000000000000000e+00 1.000000000000000000e+00
-2.800000086426735206e-04 1.616803233574342524e+00 9.241518522468028518e-02 9.984761476516723633e-01 -4.443950578570365906e-02 -3.273583948612213135e-02 -5.183863453567028046e-03 4.370269179344177246e-02 9.987829327583312988e-01 -2.288329228758811951e-02 3.073300467804074287e-03 3.371284902095794678e-02 2.141777426004409790e-02 9.992021322250366211e-01 1.295791007578372955e-02 0.000000000000000000e+00 0.000000000000000000e+00 0.000000000000000000e+00 1.000000000000000000e+00
-2.800000086426735206e-04 1.626018569894343679e+00 1.158025998645653976e-01 9.968839287757873535e-01 -5.492565780878067017e-02 -5.662602931261062622e-02 -6.837899796664714813e-03 5.362903326749801636e-02 9.982688426971435547e-01 -2.416613698005676270e-02 3.901374060660600662e-03 5.785525590181350708e-02 2.105403877794742584e-02 9.981029033660888672e-01 1.605257205665111542e-02 0.000000000000000000e+00 0.000000000000000000e+00 0.000000000000000000e+00 1.000000000000000000e+00
-2.800000086426735206e-04 1.630608794349204027e+00 1.334478730095897681e-01 9.953387379646301270e-01 -6.044939905405044556e-02 -7.515051960945129395e-02 -7.442793343216180801e-03 5.866063386201858521e-02 9.979453682899475098e-01 -2.578512951731681824e-02 4.485971760004758835e-03 7.655470073223114014e-02 2.125656604766845703e-02 9.968387484550476074e-01 1.797738112509250641e-02 0.000000000000000000e+00 0.000000000000000000e+00 0.000000000000000000e+00 1.000000000000000000e+00
-2.800000086426735206e-04 1.637136335339042681e+00 1.625948728494756301e-01 9.922494888305664062e-01 -6.708272546529769897e-02 -1.046035513281822205e-01 -7.982376031577587128e-03 6.443908065557479858e-02 9.975163936614990234e-01 -2.845275774598121643e-02 5.412181839346885681e-03 1.062523052096366882e-01 2.149168401956558228e-02 9.941069483757019043e-01 2.105408906936645508e-02 0.000000000000000000e+00 0.000000000000000000e+00 0.000000000000000000e+00 1.000000000000000000e+00
-2.800000086426735206e-04 1.640208025340340381e+00 1.802401459945000006e-01 9.903379082679748535e-01 -6.958692520856857300e-02 -1.199562326073646545e-01 -8.221698924899101257e-03 6.642366945743560791e-02 9.973356127738952637e-01 -3.017288818955421448e-02 5.933640524744987488e-03 1.217361092567443848e-01 2.191342599689960480e-02 9.923205971717834473e-01 2.211628854274749756e-02 0.000000000000000000e+00 0.000000000000000000e+00 0.000000000000000000e+00 1.000000000000000000e+00
-2.800000086426735206e-04 1.644414355124065974e+00 2.105216191692459993e-01 9.857634902000427246e-01 -7.450162619352340698e-02 -1.507342904806137085e-01 -8.760508149862289429e-03 7.030909508466720581e-02 9.969810843467712402e-01 -3.296093642711639404e-02 6.545737385749816895e-03 1.527346968650817871e-01 2.189370431005954742e-02 9.880248308181762695e-01 2.528859488666057587e-02 0.000000000000000000e+00 0.000000000000000000e+00 0.000000000000000000e+00 1.000000000000000000e+00
-2.800000086426735206e-04 1.647486045125363452e+00 2.423564143392942793e-01 9.802904725074768066e-01 -7.798261940479278564e-02 -1.815224438905715942e-01 -9.252459742128849030e-03 7.265439629554748535e-02 9.967138767242431641e-01 -3.582882508635520935e-02 6.921048741787672043e-03 1.837197691202163696e-01 2.193425782024860382e-02 9.827339649200439453e-01 2.882022969424724579e-02 0.000000000000000000e+00 0.000000000000000000e+00 0.000000000000000000e+00 1.000000000000000000e+00
-2.800000086426735206e-04 1.649789945784390754e+00 2.749591652991806301e-01 9.720917344093322754e-01 -8.080731332302093506e-02 -2.202473878860473633e-01 -9.358036331832408905e-03 7.381445914506912231e-02 9.964777231216430664e-01 -3.980988636612892151e-02 7.509048096835613251e-03 2.226882576942443848e-01 2.244142442941665649e-02 9.746316671371459961e-01 3.259859979152679443e-02 0.000000000000000000e+00 0.000000000000000000e+00 0.000000000000000000e+00 1.000000000000000000e+00
-2.800000086426735206e-04 1.651325790785039604e+00 3.098483066339271508e-01 9.649659991264343262e-01 -8.260554820299148560e-02 -2.490345835685729980e-01 -9.890899062156677246e-03 7.428780943155288696e-02 9.963259696960449219e-01 -4.263103008270263672e-02 7.818745449185371399e-03 2.516408264636993408e-01 2.263726480305194855e-02 9.675562381744384766e-01 3.578708693385124207e-02 0.000000000000000000e+00 0.000000000000000000e+00 0.000000000000000000e+00 1.000000000000000000e+00
-2.800000086426735206e-04 1.652477741114553478e+00 3.374593948941370658e-01 9.582716822624206543e-01 -8.359983563423156738e-02 -2.733636796474456787e-01 -1.026590261608362198e-02 7.402319461107254028e-02 9.962334036827087402e-01 -4.517924413084983826e-02 7.872654125094413757e-03 2.761106491088867188e-01 2.305873855948448181e-02 9.608495235443115234e-01 3.813126683235168457e-02 0.000000000000000000e+00 0.000000000000000000e+00 0.000000000000000000e+00 1.000000000000000000e+00
-2.800000086426735206e-04 1.653245663614877792e+00 3.577924966588375000e-01 9.529920220375061035e-01 -8.489968627691268921e-02 -2.908603250980377197e-01 -1.142092421650886536e-02 7.438000291585922241e-02 9.961199760437011719e-01 -4.705519601702690125e-02 7.572220172733068466e-03 2.937263548374176025e-01 2.320903353393077850e-02 9.556081295013427734e-01 3.954711928963661194e-02 0.000000000000000000e+00 0.000000000000000000e+00 0.000000000000000000e+00 1.000000000000000000e+00
-2.800000086426735206e-04 1.654013586115201884e+00 3.762057255936999689e-01 9.467155337333679199e-01 -8.590120822191238403e-02 -3.104060292243957520e-01 -1.208936329931020737e-02 7.427891343832015991e-02 9.960290193557739258e-01 -4.909335449337959290e-02 7.408266887068748474e-03 3.133901655673980713e-01 2.342082001268863678e-02 9.493359327316284180e-01 4.171378538012504578e-02 0.000000000000000000e+00 0.000000000000000000e+00 0.000000000000000000e+00 1.000000000000000000e+00
-2.800000086426735206e-04 1.655532120568765420e+00 3.965213503637467496e-01 9.393644332885742188e-01 -8.822538703680038452e-02 -3.313787281513214111e-01 -1.407751347869634628e-02 7.529170811176300049e-02 9.958213567733764648e-01 -5.169356614351272583e-02 6.914350669831037521e-03 3.345542848110198975e-01 2.360902912914752960e-02 9.420808553695678711e-01 4.386601597070693970e-02 0.000000000000000000e+00 0.000000000000000000e+00 0.000000000000000000e+00 1.000000000000000000e+00
-2.800000086426735206e-04 1.667819146890063831e+00 3.769736813835378730e-01 9.449536204338073730e-01 -1.019511371850967407e-01 -3.109177947044372559e-01 -2.294225990772247314e-02 8.905277401208877563e-02 9.944833517074584961e-01 -5.544146895408630371e-02 4.301157779991626740e-03 3.148545026779174805e-01 2.470152638852596283e-02 9.488186836242675781e-01 4.282923415303230286e-02 0.000000000000000000e+00 0.000000000000000000e+00 0.000000000000000000e+00 1.000000000000000000e+00
-2.800000086426735206e-04 1.671257421015410749e+00 3.554886625788372667e-01 9.501013755798339844e-01 -1.048719882965087891e-01 -2.937864363193511963e-01 -2.476985007524490356e-02 9.301342070102691650e-02 9.941952824592590332e-01 -5.408968403935432434e-02 4.080288112163543701e-03 2.977531850337982178e-01 2.406460419297218323e-02 9.543398022651672363e-01 4.142451658844947815e-02 0.000000000000000000e+00 0.000000000000000000e+00 0.000000000000000000e+00 1.000000000000000000e+00
-2.800000086426735206e-04 1.674713272003951925e+00 3.313332921491141669e-01 9.555137157440185547e-01 -1.073512211441993713e-01 -2.747188508510589600e-01 -2.509882673621177673e-02 9.656247496604919434e-02 9.939399957656860352e-01 -5.253974348306655884e-02 4.067800473421812057e-03 2.786938548088073730e-01 2.367492020130157471e-02 9.600883126258850098e-01 3.954823315143585205e-02 0.000000000000000000e+00 0.000000000000000000e+00 0.000000000000000000e+00 1.000000000000000000e+00
-2.800000086426735206e-04 1.678168989834438740e+00 3.056420434292287935e-01 9.631600975990295410e-01 -1.107345446944236755e-01 -2.450752854347229004e-01 -2.507460862398147583e-02 1.014963388442993164e-01 9.935769438743591309e-01 -5.004926025867462158e-02 4.757545888423919678e-03 2.490429282188415527e-01 2.333120815455913544e-02 9.682117700576782227e-01 3.666441515088081360e-02 0.000000000000000000e+00 0.000000000000000000e+00 0.000000000000000000e+00 1.000000000000000000e+00
-2.800000086426735206e-04 1.680472757335411682e+00 2.864608919940420662e-01 9.673479795455932617e-01 -1.131220236420631409e-01 -2.268097996711730957e-01 -2.496610581874847412e-02 1.048166230320930481e-01 9.933152198791503906e-01 -4.837288707494735718e-02 5.016359500586986542e-03 2.307652831077575684e-01 2.301998063921928406e-02 9.727374911308288574e-01 3.490880131721496582e-02 0.000000000000000000e+00 0.000000000000000000e+00 0.000000000000000000e+00 1.000000000000000000e+00
-2.800000086426735206e-04 1.683911164618813183e+00 2.588497870890753561e-01 9.731305837631225586e-01 -1.165700629353523254e-01 -1.985685825347900391e-01 -2.550865337252616882e-02 1.095874607563018799e-01 9.929204583168029785e-01 -4.583634436130523682e-02 5.564988125115633011e-03 2.025056183338165283e-01 2.284412831068038940e-02 9.790149331092834473e-01 3.199882432818412781e-02 0.000000000000000000e+00 0.000000000000000000e+00 0.000000000000000000e+00 1.000000000000000000e+00
