1.000100040435790982e-01 2.094255419594020839e+00 1.744805607944992509e-01 8.574756383895874023e-01 -5.057914257049560547e-01 -9.440025687217712402e-02 -1.076392307877540588e-01 4.985100030899047852e-01 8.621025085449218750e-01 -9.092959016561508179e-02 -7.744345068931579590e-02 1.273740082979202271e-01 3.091041371226310730e-02 9.913733601570129395e-01 1.406593155115842819e-02 0.000000000000000000e+00 0.000000000000000000e+00 0.000000000000000000e+00 1.000000000000000000e+00
7.794000148773193304e-02 1.977667420234477502e+00 1.353677375170495023e-01 9.132623672485351562e-01 -4.019501209259033203e-01 -6.624861061573028564e-02 -8.172082155942916870e-02 3.982043266296386719e-01 9.151324629783630371e-01 -6.298390775918960571e-02 -5.581450089812278748e-02 8.594260364770889282e-02 3.114032745361328125e-02 9.958134889602661133e-01 1.062843203544616699e-02 0.000000000000000000e+00 0.000000000000000000e+00 0.000000000000000000e+00 1.000000000000000000e+00
5.547999858856201422e-02 1.861096997738128644e+00 9.663888381214030820e-02 9.557505249977111816e-01 -2.922526895999908447e-01 -3.362098708748817444e-02 -5.660867691040039062e-02 2.908873260021209717e-01 9.559121727943420410e-01 -4.022019729018211365e-02 -3.658858686685562134e-02 4.389315843582153320e-02 2.866054326295852661e-02 9.986252188682556152e-01 7.704793941229581833e-03 0.000000000000000000e+00 0.000000000000000000e+00 0.000000000000000000e+00 1.000000000000000000e+00
3.326999902725219505e-02 1.745276920878909399e+00 5.789256975733428345e-02 9.840496778488159180e-01 -1.778868734836578369e-01 1.843696925789117813e-03 -3.219983726739883423e-02 1.778700351715087891e-01 9.836714863777160645e-01 -2.745242416858673096e-02 -2.099311724305152893e-02 3.069854341447353363e-03 2.734247967600822449e-02 9.996216893196105957e-01 4.247795790433883667e-03 0.000000000000000000e+00 0.000000000000000000e+00 0.000000000000000000e+00 1.000000000000000000e+00
1.108000040054321275e-02 1.628688921519366062e+00 1.916371605242509282e-02 9.973449707031250000e-01 -6.172669678926467896e-02 3.864965587854385376e-02 -9.281069040298461914e-03 6.265498697757720947e-02 9.977641105651855469e-01 -2.328306250274181366e-02 -7.656894624233245850e-03 -3.712600842118263245e-02 2.564283460378646851e-02 9.989819526672363281e-01 2.565879258327186108e-04 0.000000000000000000e+00 0.000000000000000000e+00 0.000000000000000000e+00 1.000000000000000000e+00
-1.085000038146972760e-02 1.512118365864962621e+00 -1.916371605242509282e-02 9.955578446388244629e-01 5.489934980869293213e-02 7.649534940719604492e-02 1.160379964858293533e-02 -5.296498164534568787e-02 9.982293248176574707e-01 -2.709138579666614532e-02 2.638817764818668365e-03 -7.784713804721832275e-02 2.291946858167648315e-02 9.967022538185119629e-01 -3.078968496993184090e-03 0.000000000000000000e+00 0.000000000000000000e+00 0.000000000000000000e+00 1.000000000000000000e+00
-3.318000078201294167e-02 1.395530366505419284e+00 -5.789256975733428345e-02 9.789820909500122070e-01 1.702971160411834717e-01 1.122236773371696472e-01 3.152043372392654419e-02 -1.667358577251434326e-01 9.851717352867126465e-01 -4.045880958437919617e-02 1.118720136582851410e-02 -1.174495294690132141e-01 2.089673653244972229e-02 9.928595423698425293e-01 -6.922002881765365601e-03 0.000000000000000000e+00 0.000000000000000000e+00 0.000000000000000000e+00 1.000000000000000000e+00
-5.548999786376953430e-02 1.279710289646200261e+00 -9.663888381214030820e-02 9.481627941131591797e-01 2.826588451862335205e-01 1.452336460351943970e-01 4.963025823235511780e-02 -2.764714658260345459e-01 9.590480327606201172e-01 -6.157916039228439331e-02 1.770497485995292664e-02 -1.566917896270751953e-01 1.823411509394645691e-02 9.874799251556396484e-01 -1.043922547250986099e-02 0.000000000000000000e+00 0.000000000000000000e+00 0.000000000000000000e+00 1.000000000000000000e+00
-7.769000053405761275e-02 1.163523761820986380e+00 -1.357517070895900846e-01 9.041260480880737305e-01 3.904539346694946289e-01 1.735028624534606934e-01 6.517527997493743896e-02 -3.799667954444885254e-01 9.204709529876708984e-01 -9.143164753913879395e-02 2.194961160421371460e-02 -1.954040527343750000e-01 1.674041152000427246e-02 9.805806279182434082e-01 -1.401827018707990646e-02 0.000000000000000000e+00 0.000000000000000000e+00 0.000000000000000000e+00 1.000000000000000000e+00
-9.987000465393067183e-02 1.046935762461442820e+00 -1.744805607944992509e-01 8.474153280258178711e-01 4.933471679687500000e-01 1.962062865495681763e-01 7.954625785350799561e-02 -4.768447577953338623e-01 8.697146177291870117e-01 -1.273445039987564087e-01 2.484257705509662628e-02 -2.334684431552886963e-01 1.435376051813364029e-02 9.722588658332824707e-01 -1.806535571813583374e-02 0.000000000000000000e+00 0.000000000000000000e+00 0.000000000000000000e+00 1.000000000000000000e+00
